0.0000 0.00000 0.000 0.000
0.3337 -0.00079 0.001 -0.279
0.6673 -0.00751 0.054 -0.039
1.0010 0.01964 0.026 -0.203
1.3347 0.02606 0.170 0.267
1.6683 0.01942 0.312 0.361
2.0020 0.02165 0.632 0.070
2.3357 0.03783 0.954 -0.312
2.6693 0.04884 1.108 1.551
3.0030 0.04291 1.299 2.578
3.3367 0.02198 1.317 2.512
3.6703 0.00608 1.443 2.377
4.0040 -0.01455 1.413 2.384
4.3377 -0.03235 1.327 2.423
4.6713 -0.04688 1.328 3.396
5.0050 -0.06064 1.394 4.592
5.3387 -0.04615 1.415 4.240
5.6723 -0.06518 1.353 4.990
6.0060 -0.07447 1.407 6.254
6.3397 -0.07579 1.499 6.618
6.6733 -0.07229 1.498 7.067
7.0070 -0.08709 1.543 7.491
7.3407 -0.09090 1.530 8.260
7.6743 -0.09981 1.512 8.606
8.0080 -0.11953 1.390 8.807
8.3417 -0.11501 1.356 9.177
8.6753 -0.14301 0.970 9.545
9.0090 -0.15152 0.755 9.512
9.3427 -0.13001 0.700 8.985
9.6763 -0.12586 0.768 8.785
10.0100 -0.10580 0.695 9.810
10.3437 -0.09702 0.706 9.505
10.6773 -0.07966 0.820 9.040
11.0110 -0.06824 0.930 8.670
11.3447 -0.05008 0.863 8.630
11.6783 -0.04866 1.005 8.261
12.0120 -0.04208 1.012 7.924
12.3457 -0.02740 1.145 8.001
12.6793 -0.04524 1.067 7.870
13.0130 -0.07201 0.984 7.823
13.3467 -0.07572 0.881 7.912
13.6803 -0.06263 1.022 8.602
14.0140 -0.04677 1.255 8.491
14.3477 -0.03491 1.309 8.927
14.6813 -0.01923 1.279 9.323
15.0150 -0.00610 1.243 9.221
15.3487 0.00623 1.462 8.701
15.6823 0.00645 1.629 8.618
16.0160 0.00884 1.580 9.096
16.3497 -0.00247 1.370 10.566
16.6833 0.00767 1.341 10.933
17.0170 -0.00554 1.237 11.240
17.3507 0.00254 1.269 10.602
17.6843 -0.00928 1.130 10.547
18.0180 0.00662 1.186 10.864
18.3517 0.01541 1.173 11.645
18.6853 0.02944 1.140 11.235
19.0190 0.03629 0.963 10.163
19.3527 0.03266 0.907 9.852
19.6863 0.04981 0.855 9.398
20.0200 0.02735 0.805 9.409
20.3537 0.03832 0.897 9.859
20.6873 0.05120 1.008 9.599
21.0210 0.03963 1.160 9.705
21.3547 -0.00740 1.140 10.748
21.6883 -0.03772 1.429 10.536
22.0220 -0.05507 3.020 9.286
22.3557 -0.04356 4.694 4.163
22.6893 -0.03326 4.309 3.239
23.0230 -0.03637 0.876 4.311
23.3567 -0.03904 -2.851 4.019
23.6903 -0.03775 -5.842 2.270
24.0240 -0.04429 -6.439 -7.181
24.3577 -0.02153 -6.006 -14.498
24.6913 -0.00379 -6.793 -9.701
25.0250 0.00128 -7.681 -7.599
25.3587 0.01600 -7.819 -6.963
25.6923 0.01523 -7.671 -6.953
26.0260 0.04038 -6.643 -7.253
26.3597 0.07377 -1.826 -10.047
26.6933 0.14139 5.717 -13.819
27.0270 0.18465 11.588 -15.117
27.3607 0.19445 14.647 -12.900
27.6943 0.16305 13.372 -11.864
28.0280 0.13797 10.509 -10.288
28.3617 0.13867 6.990 -8.520
28.6953 0.14267 3.277 -7.421
29.0290 0.14125 0.463 -5.664
29.3627 0.14321 -1.193 -5.324
29.6963 0.15501 -2.081 -5.514
30.0300 0.15751 -2.117 -5.885
30.3637 0.17374 -1.544 -6.598
30.6973 0.16467 0.857 -7.265
31.0310 0.18203 6.245 -8.750
31.3647 0.22521 12.826 -8.923
31.6983 0.23625 16.853 -8.107
32.0320 0.19753 16.616 -7.753
32.3657 0.17597 14.938 -7.623
32.6993 0.18707 12.942 -7.671
33.0330 0.20297 10.281 -8.061
33.3667 0.19137 7.621 -7.816
33.7003 0.17585 5.543 -7.587
34.0340 0.15832 3.294 -5.976
34.3677 0.17922 1.098 -5.591
34.7013 0.19491 0.114 -7.106
35.0350 0.21916 -0.358 -7.542
35.3687 0.24720 -0.501 -7.228
35.7023 0.25901 -0.962 -5.947
36.0360 0.27284 -1.527 -5.708
36.3697 0.25697 -2.145 -5.615
36.7033 0.23680 -2.529 -4.704
37.0370 0.22500 -2.834 -3.953
37.3707 0.22835 -3.131 -3.360
37.7043 0.22840 -3.233 -1.805
38.0380 0.18522 -3.598 -0.598
38.3717 0.18781 -3.706 -0.828
38.7053 0.20526 -3.646 -1.108
39.0390 0.21488 -3.488 -1.417
39.3727 0.16687 -3.789 -1.427
39.7063 0.17297 -3.945 -1.634
40.0400 0.16408 -4.098 -2.004
40.3737 0.17462 -4.140 -2.356
40.7073 0.17217 -4.304 -2.430
41.0410 0.15364 -4.554 -1.649
41.3747 0.16068 -4.404 -2.480
41.7083 0.17411 -4.114 -2.131
42.0420 0.16798 -4.583 -1.947
42.3757 0.16657 -5.139 -1.728
42.7093 0.15757 -5.452 -1.318
43.0430 0.16907 -5.675 -1.580
43.3767 0.12949 -6.152 -0.923
43.7103 0.12909 -6.431 -1.299
44.0440 0.11118 -6.565 -1.213
44.3777 0.12796 -6.562 -0.810
44.7113 0.10824 -6.893 0.108
45.0450 0.11878 -6.849 -0.116
45.3787 0.11801 -7.007 0.242
45.7123 0.10776 -7.377 0.106
46.0460 0.10200 -7.650 0.047
46.3797 0.08013 -7.857 0.815
46.7133 0.09136 -7.822 1.556
47.0470 0.07753 -8.038 2.362
47.3807 0.08520 -7.943 2.628
47.7143 0.09592 -7.885 2.750
48.0480 0.10378 -7.327 2.523
48.3817 0.11764 -7.282 2.527
48.7153 0.12243 -7.555 2.214
49.0490 0.11312 -7.847 1.814
49.3827 0.09796 -8.268 1.859
49.7163 0.09973 -8.356 1.529
50.0500 0.08077 -8.381 1.569
50.3837 0.05945 -8.334 1.421
50.7173 0.04124 -8.322 0.921
51.0510 0.06221 -7.968 1.364
51.3847 0.03579 -8.034 1.161
51.7183 0.05268 -8.082 1.217
52.0520 0.03385 -8.280 1.872
52.3857 0.03002 -8.237 2.749
52.7193 0.00346 -8.522 3.374
53.0530 -0.02573 -8.569 3.971
53.3867 -0.04658 -8.535 4.307
53.7203 -0.04927 -8.492 4.221
54.0540 -0.05722 -8.606 4.555
54.3877 -0.03739 -8.480 3.960
54.7213 -0.03255 -8.261 3.457
55.0550 -0.03032 -8.062 3.027
55.3887 -0.01686 -8.100 2.683
55.7223 -0.03663 -8.337 3.297
56.0560 -0.03041 -8.266 3.457
56.3897 -0.06365 -8.382 4.342
56.7233 -0.05244 -8.163 4.710
57.0570 -0.04494 -8.125 4.315
57.3907 -0.03970 -8.168 4.300
57.7243 -0.05221 -8.191 4.292
58.0580 -0.03349 -8.072 3.901
58.3917 -0.02232 -7.948 3.629
58.7253 -0.01698 -8.005 4.051
59.0590 -0.01108 -8.307 4.099
59.3927 -0.00664 -7.982 3.643
59.7263 0.00475 -7.766 3.701
60.0600 -0.01002 -7.951 3.882
60.3937 -0.01168 -8.172 4.233
60.7273 -0.00774 -8.324 3.423
61.0610 0.00071 -8.764 3.279
61.3947 0.00731 -9.265 3.103
61.7283 0.00896 -9.592 4.465
62.0620 -0.00165 -9.967 4.141
62.3957 -0.00670 -10.137 4.100
62.7293 -0.00658 -10.352 3.462
63.0630 0.00399 -10.107 2.813
63.3967 0.02064 -10.155 3.113
63.7303 0.02790 -10.563 2.783
64.0640 -0.02405 -11.100 3.290
64.3977 -0.05211 -11.593 3.866
64.7313 -0.04396 -11.504 3.566
65.0650 -0.03338 -11.421 3.693
65.3987 -0.02821 -11.214 3.199
65.7323 -0.01478 -10.998 2.859
66.0660 -0.01042 -11.022 2.289
66.3997 -0.00837 -11.033 1.896
66.7333 -0.00973 -11.011 1.604
67.0670 -0.04260 -11.112 1.036
67.4007 -0.02432 -11.040 0.723
67.7343 -0.03675 -11.130 2.103
68.0680 -0.07718 -11.313 2.817
68.4017 -0.07153 -11.292 1.886
68.7353 -0.06579 -11.124 1.833
69.0690 -0.05527 -10.857 1.215
69.4027 -0.04748 -10.830 1.387
69.7363 -0.04075 -11.032 1.766
70.0700 -0.03676 -11.196 2.355
70.4037 -0.02135 -11.013 3.356
70.7373 -0.01446 -11.035 3.152
71.0710 -0.01494 -10.800 2.972
71.4047 -0.00785 -10.829 2.668
71.7383 -0.00505 -10.692 2.227
72.0720 0.00525 -10.721 1.781
72.4057 0.02130 -10.742 1.540
72.7393 0.01096 -11.007 1.269
73.0730 0.00405 -11.099 2.027
73.4067 0.01618 -10.850 2.167
73.7403 -0.00129 -11.023 2.981
74.0740 0.00060 -11.095 3.224
74.4077 -0.00493 -11.122 2.510
74.7413 -0.02259 -11.121 2.904
75.0750 -0.04435 -11.404 3.375
75.4087 -0.05469 -11.643 2.135
75.7423 -0.02935 -11.567 2.101
76.0760 -0.03349 -11.755 2.088
76.4097 -0.04593 -12.139 1.939
76.7433 -0.03553 -12.137 1.547
77.0770 -0.05185 -12.425 2.844
77.4107 -0.05897 -12.746 2.310
77.7443 -0.05121 -12.638 1.744
78.0780 -0.03333 -12.397 1.998
78.4117 -0.03899 -12.583 1.881
78.7453 -0.04000 -12.688 1.565
79.0790 -0.04261 -12.895 1.734
79.4127 -0.04862 -12.899 1.322
79.7463 -0.05405 -13.245 1.256
80.0800 -0.05359 -13.536 0.914
80.4137 -0.04240 -13.638 0.764
80.7473 -0.04740 -13.784 -0.618
81.0810 -0.02288 -13.869 -0.280
81.4147 -0.05456 -14.482 -0.099
81.7483 -0.07107 -14.870 0.285
82.0820 -0.05826 -14.971 0.313
82.4157 -0.09309 -15.340 1.022
82.7493 -0.12877 -15.534 1.750
83.0830 -0.17840 -15.819 1.776
83.4167 -0.18232 -15.831 1.888
83.7503 -0.19441 -15.870 1.604
84.0840 -0.18792 -15.719 1.326
84.4177 -0.18251 -15.802 2.630
84.7513 -0.17883 -15.836 2.994
85.0850 -0.17051 -15.752 3.060
85.4187 -0.15278 -15.656 4.044
85.7523 -0.17193 -15.737 5.011
86.0860 -0.17981 -15.776 5.326
86.4197 -0.16879 -15.770 5.215
86.7533 -0.18184 -15.640 4.638
87.0870 -0.15650 -15.272 4.865
87.4207 -0.16363 -15.353 5.146
87.7543 -0.16714 -15.470 4.770
88.0880 -0.15829 -15.694 4.783
88.4217 -0.15993 -15.796 4.147
88.7553 -0.13689 -15.691 3.865
89.0890 -0.12466 -15.746 3.272
89.4227 -0.11745 -15.931 2.847
89.7563 -0.09319 -15.773 2.378
90.0900 -0.08266 -15.610 2.057
90.4237 -0.10311 -15.770 2.459
90.7573 -0.10405 -15.851 2.293
91.0910 -0.12556 -16.121 2.499
91.4247 -0.15449 -16.336 2.552
91.7583 -0.14312 -16.395 2.113
92.0920 -0.13173 -16.199 1.806
92.4257 -0.13832 -16.241 2.035
92.7593 -0.13954 -16.224 1.890
93.0930 -0.12966 -16.028 1.748
93.4267 -0.13487 -16.093 1.666
93.7603 -0.15431 -16.181 2.712
94.0940 -0.17920 -16.078 3.216
94.4277 -0.16881 -15.668 3.360
94.7613 -0.19240 -15.779 3.604
95.0950 -0.19623 -15.970 3.470
95.4287 -0.19361 -15.895 3.092
95.7623 -0.21208 -15.944 3.534
96.0960 -0.19829 -15.975 3.326
96.4297 -0.20321 -15.977 3.950
96.7633 -0.22482 -16.373 4.306
97.0970 -0.22585 -16.194 3.913
97.4307 -0.20665 -15.989 3.939
97.7643 -0.19511 -16.013 4.217
98.0980 -0.20452 -16.303 3.926
98.4317 -0.24042 -16.602 4.388
98.7653 -0.24862 -16.471 4.281
99.0990 -0.26489 -16.308 4.152
99.4327 -0.26438 -16.393 4.335
99.7663 -0.26612 -16.421 3.928
100.1000 -0.27262 -16.493 3.689
100.4337 -0.27251 -16.308 3.350
100.7673 -0.25873 -16.106 3.363
101.1010 -0.24979 -16.013 3.093
101.4347 -0.23215 -15.744 2.705
101.7683 -0.23528 -15.749 2.717
102.1020 -0.22767 -15.676 3.560
102.4357 -0.22468 -15.592 3.569
102.7693 -0.21031 -15.451 3.165
103.1030 -0.21115 -15.363 2.748
103.4367 -0.21110 -15.266 2.489
103.7703 -0.19755 -15.076 2.875
104.1040 -0.18423 -15.009 3.266
104.4377 -0.19749 -15.196 3.169
104.7713 -0.18210 -15.072 2.751
105.1050 -0.16600 -14.964 2.435
105.4387 -0.17493 -15.144 2.178
105.7723 -0.17679 -15.010 1.923
106.1060 -0.15919 -14.649 2.256
106.4397 -0.14248 -14.366 1.493
106.7733 -0.12313 -14.229 0.998
107.1070 -0.10412 -14.045 1.269
107.4407 -0.11412 -14.237 1.165
107.7743 -0.11103 -14.046 1.295
108.1080 -0.09838 -13.407 0.478
108.4417 -0.08591 -12.850 0.601
108.7753 -0.08207 -12.501 0.883
109.1090 -0.07589 -12.344 1.668
109.4427 -0.07833 -12.151 1.939
109.7763 -0.07094 -11.812 1.747
110.1100 -0.05523 -11.363 1.187
110.4437 -0.04394 -10.920 0.358
110.7773 -0.06049 -10.882 1.348
111.1110 -0.06943 -10.889 0.974
111.4447 -0.07066 -10.826 0.322
111.7783 -0.06603 -10.898 0.807
112.1120 -0.04920 -10.673 0.502
112.4457 -0.05638 -10.615 0.737
112.7793 -0.04720 -10.225 0.695
113.1130 -0.03172 -9.722 0.214
113.4467 -0.03804 -9.489 0.970
113.7803 -0.04310 -9.350 0.812
114.1140 -0.04416 -8.605 -0.027
114.4477 -0.03612 -7.315 -1.053
114.7813 -0.04154 -6.784 -1.632
115.1150 -0.01080 -6.544 -1.953
115.4487 0.00059 -6.531 -2.384
115.7823 -0.02188 -6.583 -1.722
116.1160 -0.01272 -6.468 -2.234
116.4497 0.00833 -6.114 -2.838
116.7833 0.02431 -5.843 -2.938
117.1170 0.00552 -5.765 -2.978
117.4507 0.01461 -5.528 -2.570
117.7843 0.02527 -5.318 -2.949
118.1180 0.02987 -5.123 -2.896
118.4517 0.04585 -4.725 -3.258
118.7853 0.05321 -4.614 -3.503
119.1190 0.05926 -4.442 -3.333
119.4527 0.07075 -4.321 -3.161
119.7863 0.07356 -4.277 -3.415
120.1200 0.03933 -4.422 -3.211
120.4537 0.05051 -4.320 -3.244
120.7873 0.06516 -4.238 -3.306
121.1210 0.07217 -4.058 -3.576
121.4547 0.08086 -3.903 -3.613
121.7883 0.05940 -3.987 -3.007
122.1220 0.04873 -4.001 -3.043
122.4557 0.04760 -3.881 -2.851
122.7893 0.05349 -3.974 -2.229
123.1230 0.06898 -3.922 -1.586
123.4567 0.07437 -3.760 -1.409
123.7903 0.09342 -3.425 -0.840
124.1240 0.08201 -3.313 -0.959
124.4577 0.07320 -3.184 -0.791
124.7913 0.09217 -2.967 -1.060
125.1250 0.06275 -2.866 -0.939
125.4587 0.04011 -2.771 -1.080
125.7923 0.05173 -2.490 -0.763
126.1260 0.05053 -2.267 -0.190
126.4597 0.05144 -2.051 -0.438
126.7933 0.06542 -1.870 -0.346
127.1270 0.03901 -1.910 0.001
127.4607 0.04298 -1.608 -0.067
127.7943 0.02831 -1.528 -0.129
128.1280 0.01858 -1.190 0.357
128.4617 0.00920 -0.880 0.718
128.7953 0.02370 -0.587 0.959
129.1290 0.03892 -0.277 0.729
129.4627 0.03437 -0.171 0.873
129.7963 0.03769 0.185 0.580
130.1300 0.06066 0.426 0.320
130.4637 0.03302 0.355 0.652
130.7973 0.01528 0.304 0.541
131.1310 0.01581 0.522 0.684
131.4647 0.02427 0.798 0.843
131.7983 0.04169 1.251 0.790
132.1320 0.04629 1.414 0.562
132.4657 0.05914 1.639 0.167
132.7993 0.06610 1.807 -0.070
133.1330 0.05411 1.980 -0.064
133.4667 0.06876 2.186 -0.371
133.8003 0.06895 2.490 -0.674
134.1340 0.08722 2.860 -0.781
134.4677 0.08853 3.124 -1.164
134.8013 0.11234 3.344 -1.511
135.1350 0.11746 3.445 -1.842
135.4687 0.12612 3.694 -1.241
135.8023 0.14559 4.200 -0.142
136.1360 0.15555 4.664 -0.012
136.4697 0.15945 5.076 0.017
136.8033 0.16310 5.546 -0.079
137.1370 0.19840 6.032 -0.666
137.4707 0.21581 6.310 -1.019
137.8043 0.23119 6.699 -1.427
138.1380 0.20152 6.903 -0.558
138.4717 0.19057 7.101 -0.231
138.8053 0.16880 7.492 0.005
139.1390 0.17155 7.816 0.280
139.4727 0.19430 8.484 -0.007
139.8063 0.22586 9.017 -0.411
140.1400 0.23295 9.417 -0.865
140.4737 0.23600 9.872 -1.197
140.8073 0.25862 10.246 -1.561
141.1410 0.26604 10.565 -1.695
141.4747 0.26360 10.898 -1.966
141.8083 0.25766 11.337 -1.726
142.1420 0.25438 11.582 -0.831
142.4757 0.24263 11.914 -0.605
142.8093 0.24439 12.361 -0.336
143.1430 0.24194 12.339 -0.302
143.4767 0.26192 12.365 -0.154
143.8103 0.26495 12.364 -0.040
144.1440 0.24049 12.125 0.377
144.4777 0.24004 12.059 0.080
144.8113 0.21543 12.048 -0.406
145.1450 0.24456 12.154 -1.003
145.4787 0.25699 12.270 -1.155
145.8123 0.26579 12.742 -1.472
146.1460 0.27910 12.804 -1.851
146.4797 0.28973 12.799 -2.188
146.8133 0.30358 13.018 -2.674
147.1470 0.29965 13.122 -2.850
147.4807 0.30953 13.247 -3.019
147.8143 0.32234 13.496 -2.903
148.1480 0.32642 13.441 -1.750
148.4817 0.33451 13.241 -2.122
148.8153 0.32555 13.323 -2.189
149.1490 0.34758 13.438 -2.093
149.4827 0.35795 13.508 -2.544
149.8163 0.35963 13.512 -2.280
150.1500 0.34431 13.465 -2.451
150.4837 0.35656 13.456 -2.941
150.8173 0.36413 13.426 -2.631
151.1510 0.37532 13.731 -2.984
151.4847 0.38643 13.759 -3.315
151.8183 0.39981 13.892 -3.592
152.1520 0.41664 13.866 -4.143
152.4857 0.42631 14.061 -4.610
152.8193 0.38151 13.926 -4.537
153.1530 0.33027 13.657 -4.236
153.4867 0.31698 13.423 -4.280
153.8203 0.32123 13.381 -4.514
154.1540 0.33260 13.495 -4.860
154.4877 0.34304 13.542 -5.265
154.8213 0.34904 13.662 -5.511
155.1550 0.35328 13.839 -4.926
155.4887 0.35228 13.756 -5.229
155.8223 0.33604 13.589 -5.320
156.1560 0.35439 13.824 -5.603
156.4897 0.34075 13.727 -5.349
156.8233 0.33709 13.840 -4.977
157.1570 0.35256 13.941 -4.593
157.4907 0.34907 13.838 -4.444
157.8243 0.35081 13.966 -4.635
158.1580 0.36710 14.302 -4.990
158.4917 0.39100 14.630 -5.373
158.8253 0.39898 14.285 -4.777
159.1590 0.40931 14.102 -5.057
159.4927 0.41387 14.168 -5.380
159.8263 0.39361 14.156 -5.435
160.1600 0.36929 14.173 -5.020
160.4937 0.38106 14.300 -5.316
160.8273 0.39418 14.197 -5.326
161.1610 0.38224 13.860 -5.383
161.4947 0.38942 14.003 -5.587
161.8283 0.39467 14.094 -5.554
162.1620 0.39698 14.172 -5.380
162.4957 0.41264 14.380 -4.554
162.8293 0.41754 14.202 -4.240
163.1630 0.41146 13.923 -3.690
163.4967 0.40400 13.907 -3.246
163.8303 0.40707 14.089 -2.801
164.1640 0.42805 13.997 -3.147
164.4977 0.44074 13.968 -3.000
164.8313 0.43225 13.809 -2.795
165.1650 0.42566 13.898 -2.406
165.4987 0.41999 13.900 -2.409
165.8323 0.41538 13.722 -1.846
166.1660 0.41840 13.684 -2.210
166.4997 0.42610 13.794 -2.434
166.8333 0.38646 13.711 -2.345
167.1670 0.38129 13.709 -2.227
167.5007 0.37709 13.775 -2.371
167.8343 0.39476 14.033 -2.734
168.1680 0.40388 14.245 -2.063
168.5017 0.42182 14.147 -2.017
168.8353 0.42398 14.094 -2.445
169.1690 0.42933 14.243 -3.053
169.5027 0.44976 14.356 -3.307
169.8363 0.45009 14.321 -3.022
170.1700 0.46072 14.484 -3.184
170.5037 0.46741 14.616 -3.437
170.8373 0.47316 14.577 -3.382
171.1710 0.48244 14.624 -3.767
171.5047 0.48095 14.869 -3.922
171.8383 0.49804 15.181 -3.816
172.1720 0.51701 15.034 -3.848
172.5057 0.50560 14.880 -4.043
172.8393 0.49755 14.801 -4.342
173.1730 0.49231 15.139 -5.234
173.5067 0.45648 14.454 -6.039
173.8403 0.46469 13.362 -5.927
174.1740 0.48080 12.948 -6.256
174.5077 0.47729 12.498 -6.661
174.8413 0.47940 12.206 -7.422
175.1750 0.49101 12.053 -6.151
175.5087 0.50647 12.032 -5.537
175.8423 0.48214 12.289 -7.007
176.1760 0.49194 14.274 -8.873
176.5097 0.53523 15.566 -9.326
176.8433 0.55494 14.900 -9.100
177.1770 0.54692 13.182 -9.509
177.5107 0.54888 12.561 -10.670
177.8443 0.55457 11.887 -11.228
178.1780 0.54841 10.827 -10.532
178.5117 0.54214 9.820 -9.210
178.8453 0.53266 8.927 -9.453
179.1790 0.50604 8.735 -9.563
179.5127 0.45844 8.619 -9.829
179.8463 0.42641 9.115 -9.701
180.1800 0.44092 11.471 -10.201
180.5137 0.43536 13.056 -10.448
180.8473 0.39816 13.521 -9.518
181.1810 0.37719 13.033 -9.056
181.5147 0.36783 12.135 -9.041
181.8483 0.40078 11.383 -9.956
182.1820 0.42857 9.933 -10.894
182.5157 0.44223 8.390 -10.510
182.8493 0.49129 6.993 -11.411
183.1830 0.48488 5.756 -11.936
183.5167 0.48735 4.714 -12.633
183.8503 0.53125 3.509 -13.822
184.1840 0.53742 2.588 -14.430
184.5177 0.53194 1.744 -14.821
184.8513 0.50882 0.807 -15.057
185.1850 0.49547 0.103 -14.908
185.5187 0.47872 -0.713 -14.149
185.8523 0.44275 -1.273 -14.211
186.1860 0.30957 -2.309 -13.412
186.5197 0.25720 -2.380 -13.272
186.8533 0.17835 -2.751 -12.181
187.1870 0.17507 -3.055 -11.808
187.5207 0.18379 -3.235 -11.833
187.8543 0.19401 -3.495 -11.733
188.1880 0.22395 -4.657 -11.556
188.5217 0.25248 -5.561 -11.619
188.8553 0.26556 -6.760 -12.078
189.1890 0.28453 -7.502 -11.704
189.5227 0.28179 -7.632 -12.267
189.8563 0.31157 -7.273 -13.182
190.1900 0.29273 -7.276 -13.714
190.5237 0.31120 -7.287 -14.528
190.8573 0.34595 -7.865 -14.800
191.1910 0.36743 -8.400 -15.083
191.5247 0.38835 -8.646 -15.385
191.8583 0.35938 -9.102 -15.005
192.1920 0.32993 -9.199 -14.579
192.5257 0.31523 -9.423 -14.232
192.8593 0.25780 -9.991 -11.904
193.1930 0.22519 -10.522 -11.745
193.5267 0.19445 -10.981 -11.508
193.8603 0.20340 -11.260 -11.453
194.1940 0.17768 -11.583 -10.896
194.5277 0.16624 -11.751 -9.973
194.8613 0.15269 -11.988 -9.766
195.1950 0.13491 -12.165 -9.921
195.5287 0.15711 -12.249 -9.715
195.8623 0.15094 -12.378 -9.672
196.1960 0.15552 -12.604 -9.971
196.5297 0.16589 -12.676 -9.859
196.8633 0.16862 -12.777 -10.118
197.1970 0.17267 -12.989 -9.354
197.5307 0.16014 -13.059 -9.379
197.8643 0.15567 -13.314 -9.639
198.1980 0.14234 -13.291 -9.250
198.5317 0.15754 -13.353 -8.819
198.8653 0.11610 -13.653 -8.239
199.1990 0.10762 -13.740 -8.326
199.5327 0.08546 -13.896 -7.723
199.8663 0.02112 -14.350 -6.281
200.2000 0.01765 -14.219 -6.091
200.5337 0.03504 -14.066 -6.701
200.8673 0.05394 -14.022 -6.856
201.2010 0.05334 -14.005 -6.906
201.5347 0.04727 -13.980 -6.782
201.8683 0.05129 -13.837 -7.082
202.2020 0.04765 -13.848 -7.516
202.5357 0.07225 -13.857 -7.913
202.8693 0.09064 -13.832 -8.319
203.2030 0.08904 -13.760 -8.343
203.5367 0.07483 -13.802 -8.094
203.8703 0.07545 -13.723 -7.561
204.2040 0.08827 -13.563 -7.516
204.5377 0.10126 -13.448 -6.887
204.8713 0.10911 -13.481 -7.300
205.2050 0.11389 -12.746 -7.492
205.5387 0.14466 -11.830 -7.657
205.8723 0.16954 -11.716 -7.923
206.2060 0.17455 -11.994 -8.412
206.5397 0.17411 -11.684 -8.651
206.8733 0.16647 -11.036 -8.689
207.2070 0.19244 -10.189 -9.240
207.5407 0.22259 -9.154 -9.978
207.8743 0.23340 -8.984 -10.087
208.2080 0.23698 -8.880 -9.313
208.5417 0.24935 -8.501 -8.879
208.8753 0.24487 -7.729 -8.766
209.2090 0.24373 -6.436 -8.960
209.5427 0.23273 -4.786 -8.986
209.8763 0.22918 -2.835 -8.667
210.2100 0.20265 -1.774 -7.968
210.5437 0.18071 -1.484 -7.679
210.8773 0.18116 -1.998 -7.916
211.2110 0.21174 -2.751 -8.844
211.5447 0.23273 -3.812 -9.748
211.8783 0.23572 -5.056 -10.216
212.2120 0.25276 -6.198 -10.980
212.5457 0.23895 -7.458 -11.315
212.8793 0.23247 -8.323 -11.708
213.2130 0.24953 -8.765 -12.182
213.5467 0.23515 -9.310 -11.707
213.8803 0.24285 -9.577 -11.773
214.2140 0.27662 -9.703 -11.799
214.5477 0.28319 -9.891 -10.784
214.8813 0.26228 -10.334 -10.722
215.2150 0.26816 -10.619 -10.376
215.5487 0.26278 -10.936 -10.131
215.8823 0.27438 -11.163 -9.108
216.2160 0.27764 -11.360 -9.192
216.5497 0.23058 -11.723 -7.746
216.8833 0.21225 -12.026 -6.360
217.2170 0.22667 -12.350 -6.417
217.5507 0.22596 -12.603 -6.213
217.8843 0.21152 -12.842 -6.270
218.2180 0.22015 -12.944 -6.662
218.5517 0.20722 -13.320 -6.914
218.8853 0.22134 -13.404 -7.442
219.2190 0.19430 -13.536 -6.798
219.5527 0.15480 -13.823 -5.085
219.8863 0.15631 -13.930 -5.180
220.2200 0.17629 -13.948 -5.393
220.5537 0.19177 -13.901 -5.454
220.8873 0.20318 -14.051 -5.683
221.2210 0.21696 -14.095 -5.950
221.5547 0.20634 -14.207 -6.202
221.8883 0.17965 -14.588 -6.169
222.2220 0.13754 -14.954 -5.870
222.5557 0.14172 -15.044 -5.369
222.8893 0.13684 -15.118 -5.321
223.2230 0.15652 -15.181 -5.717
223.5567 0.16337 -15.350 -5.663
223.8903 0.17670 -15.409 -5.343
224.2240 0.18814 -15.217 -5.635
224.5577 0.19651 -15.141 -5.812
224.8913 0.19033 -15.223 -5.574
225.2250 0.18551 -15.264 -4.852
225.5587 0.12856 -15.647 -4.022
225.8923 0.12167 -15.704 -3.684
226.2260 0.10852 -15.799 -3.592
226.5597 0.10069 -15.853 -3.800
226.8933 0.08530 -15.919 -3.890
227.2270 0.05970 -15.913 -3.790
227.5607 0.05281 -15.967 -3.727
227.8943 0.03492 -15.954 -3.566
228.2280 0.05166 -15.898 -3.807
228.5617 0.04253 -16.010 -3.929
228.8953 0.02182 -15.989 -3.986
229.2290 0.00330 -16.032 -4.057
229.5627 0.01877 -15.902 -4.470
229.8963 0.00918 -15.894 -4.015
230.2300 0.00629 -15.884 -4.217
230.5637 -0.02230 -15.676 -4.162
230.8973 -0.06949 -15.579 -4.043
231.2310 -0.06226 -15.694 -4.656
231.5647 -0.02950 -15.608 -5.202
231.8983 -0.00792 -15.597 -5.980
232.2320 0.00779 -15.397 -6.544
232.5657 0.01661 -15.033 -6.569
232.8993 0.04033 -14.736 -5.657
233.2330 0.05754 -14.455 -5.072
233.5667 0.05661 -14.485 -4.885
233.9003 0.06273 -14.427 -5.170
234.2340 0.07651 -14.363 -5.291
234.5677 0.05274 -14.392 -4.905
234.9013 0.06192 -14.307 -4.967
235.2350 0.04611 -14.264 -4.135
235.5687 0.05094 -14.202 -4.473
235.9023 0.06695 -14.107 -4.812
236.2360 0.07156 -14.047 -5.166
236.5697 0.06162 -13.920 -4.688
236.9033 0.05170 -13.853 -4.057
237.2370 0.05817 -13.747 -3.935
237.5707 0.03681 -13.716 -3.557
237.9043 0.02789 -13.610 -3.371
238.2380 0.01142 -13.304 -2.071
238.5717 0.02873 -13.102 -2.683
238.9053 0.02696 -13.095 -3.036
239.2390 0.03234 -12.928 -2.721
239.5727 0.00844 -12.702 -2.085
239.9063 0.01230 -12.518 -2.079
240.2400 0.00853 -12.126 -2.348
240.5737 0.01580 -10.541 -2.414
240.9073 0.04160 -8.749 -2.697
241.2410 0.05477 -8.131 -2.817
241.5747 0.06234 -7.706 -3.265
241.9083 0.09102 -7.055 -4.208
242.2420 0.07512 -6.567 -4.105
242.5757 0.00540 -6.286 -3.099
242.9093 -0.03181 -6.398 -2.548
243.2430 0.00609 -6.274 -3.624
243.5767 0.02992 -5.790 -4.408
243.9103 0.02517 -5.429 -4.067
244.2440 0.01695 -5.153 -3.752
244.5777 0.05087 -5.127 -4.714
244.9113 0.07937 -4.952 -5.692
245.2450 0.10029 -4.452 -4.374
245.5787 0.11438 -4.015 -4.678
245.9123 0.13796 -3.684 -4.451
246.2460 0.17618 -3.331 -4.951
246.5797 0.19884 -3.074 -5.484
246.9133 0.20413 -2.793 -5.793
247.2470 0.20847 -2.527 -4.918
247.5807 0.23308 -2.383 -5.088
247.9143 0.23500 -2.441 -5.540
248.2480 0.23874 -2.363 -4.936
248.5817 0.25303 -2.447 -4.965
248.9153 0.26068 -2.547 -5.318
249.2490 0.27206 -2.336 -4.126
249.5827 0.26700 -2.377 -4.379
249.9163 0.25972 -2.633 -4.090
250.2500 0.21748 -2.904 -2.642
250.5837 0.20560 -3.082 -2.191
250.9173 0.21496 -3.226 -2.302
251.2510 0.17829 -3.413 -1.629
251.5847 0.19483 -3.388 -2.173
251.9183 0.19846 -3.319 -2.226
252.2520 0.18785 -3.265 -1.860
252.5857 0.21174 -3.359 -2.668
252.9193 0.22294 -3.416 -3.194
253.2530 0.22261 -3.276 -3.349
253.5867 0.22420 -3.161 -3.570
253.9203 0.24324 -3.009 -4.088
254.2540 0.26235 -3.092 -4.466
254.5877 0.27823 -2.999 -4.738
254.9213 0.28042 -2.846 -4.571
255.2550 0.28031 -2.475 -4.649
255.5887 0.28961 -2.306 -4.600
255.9223 0.30639 -2.396 -5.086
256.2560 0.31383 -2.313 -5.662
256.5897 0.32055 -1.972 -5.736
256.9233 0.33870 -2.175 -6.285
257.2570 0.35298 -2.130 -6.742
257.5907 0.34138 -2.133 -6.855
257.9243 0.32926 -1.911 -6.558
258.2580 0.30141 -1.819 -5.905
258.5917 0.31495 -1.646 -6.293
258.9253 0.32704 -1.411 -6.677
259.2590 0.34516 -1.283 -7.032
259.5927 0.30921 -1.287 -6.846
259.9263 0.31015 -1.086 -6.505
260.2600 0.27588 -1.087 -6.073
260.5937 0.27477 -0.933 -6.098
260.9273 0.28158 -0.715 -6.003
261.2610 0.29873 -0.501 -6.231
261.5947 0.26434 -0.426 -6.065
261.9283 0.28339 -0.320 -6.478
262.2620 0.27245 -0.341 -6.796
262.5957 0.26090 -0.327 -6.960
262.9293 0.26756 -0.231 -7.247
263.2630 0.26979 -0.194 -7.374
263.5967 0.28170 -0.192 -7.745
263.9303 0.28748 -0.017 -7.618
264.2640 0.30381 0.267 -8.047
264.5977 0.32235 0.436 -7.734
264.9313 0.30864 0.468 -7.841
265.2650 0.27895 0.496 -7.690
265.5987 0.30683 0.568 -8.483
265.9323 0.30877 0.603 -8.778
266.2660 0.32256 0.838 -8.473
266.5997 0.33786 0.867 -8.867
266.9333 0.33764 0.921 -9.073
267.2670 0.32997 1.093 -8.884
267.6007 0.34704 1.124 -9.449
267.9343 0.31663 1.097 -9.321
268.2680 0.29193 1.124 -8.309
268.6017 0.26275 1.256 -8.244
268.9353 0.26927 1.361 -7.519
269.2690 0.26493 1.440 -7.790
269.6027 0.26400 1.558 -7.364
269.9363 0.27908 1.465 -7.182
270.2700 0.29888 1.588 -7.597
270.6037 0.31616 1.453 -7.626
270.9373 0.31512 1.359 -7.766
271.2710 0.30756 1.503 -7.587
271.6047 0.29649 1.558 -7.425
271.9383 0.31316 1.379 -8.173
272.2720 0.32989 1.385 -8.765
272.6057 0.28959 1.067 -8.726
272.9393 0.28521 1.148 -8.637
273.2730 0.29287 1.324 -9.086
273.6067 0.26301 1.338 -8.323
273.9403 0.25533 1.405 -7.985
274.2740 0.24090 1.439 -7.386
274.6077 0.25919 1.500 -7.292
274.9413 0.23640 1.433 -7.011
275.2750 0.20134 1.344 -5.892
275.6087 0.19341 1.399 -5.527
275.9423 0.16072 1.359 -4.796
276.2760 0.14384 1.288 -4.606
276.6097 0.15721 1.404 -4.271
276.9433 0.17339 1.704 -4.203
277.2770 0.18284 1.840 -4.430
277.6107 0.19531 1.904 -4.924
277.9443 0.14909 1.778 -4.728
278.2780 0.15791 1.629 -5.161
278.6117 0.13396 1.561 -5.205
278.9453 0.14775 1.695 -5.616
279.2790 0.13785 1.785 -5.004
279.6127 0.14244 2.023 -4.999
279.9463 0.13838 2.097 -4.835
280.2800 0.11743 2.079 -4.588
280.6137 0.12225 2.209 -4.793
280.9473 0.13390 2.345 -5.172
281.2810 0.15004 2.544 -5.245
281.6147 0.15432 2.688 -5.187
281.9483 0.17691 2.687 -5.607
282.2820 0.17952 2.736 -5.468
282.6157 0.17065 2.860 -5.356
282.9493 0.18552 3.250 -4.301
283.2830 0.19585 3.393 -3.918
283.6167 0.18649 3.597 -3.439
283.9503 0.20426 3.556 -3.880
284.2840 0.22343 3.877 -4.195
284.6177 0.22464 4.027 -3.270
284.9513 0.22995 4.183 -2.992
285.2850 0.22814 4.366 -2.639
285.6187 0.23495 4.646 -2.530
285.9523 0.25001 4.953 -2.906
286.2860 0.25645 5.184 -3.253
286.6197 0.26552 5.334 -3.625
286.9533 0.24174 5.261 -3.546
287.2870 0.24173 5.383 -3.674
287.6207 0.21397 5.327 -2.650
287.9543 0.22460 5.327 -2.805
288.2880 0.22530 5.345 -2.918
288.6217 0.21341 5.080 -2.755
288.9553 0.22447 4.959 -2.837
289.2890 0.22190 4.887 -3.028
289.6227 0.23924 4.847 -3.410
289.9563 0.25273 4.673 -3.567
290.2900 0.25080 4.682 -2.252
290.6237 0.25434 4.878 -2.146
290.9573 0.25990 4.835 -2.234
291.2910 0.28422 4.949 -2.812
291.6247 0.29041 5.016 -2.775
291.9583 0.26755 5.011 -2.269
292.2920 0.26947 5.261 -2.087
292.6257 0.27884 5.538 -1.606
292.9593 0.26847 5.742 -1.730
293.2930 0.26895 6.022 -1.924
293.6267 0.27483 6.218 -2.062
293.9603 0.29456 6.247 -2.711
294.2940 0.30410 6.312 -2.966
294.6277 0.31148 6.301 -3.275
294.9613 0.32178 6.336 -3.672
295.2950 0.30661 6.235 -3.915
295.6287 0.28273 6.136 -3.953
295.9623 0.27538 6.347 -4.204
296.2960 0.29640 6.482 -4.190
296.6297 0.30537 6.496 -4.583
296.9633 0.31943 6.913 -4.885
297.2970 0.33255 7.097 -4.941
297.6307 0.33709 7.117 -4.709
297.9643 0.34394 7.423 -5.075
298.2980 0.32386 7.524 -4.994
298.6317 0.29603 7.499 -4.198
298.9653 0.30027 7.868 -4.159
299.2990 0.31640 8.194 -4.536
299.6327 0.32071 8.583 -4.268
299.9663 0.31963 8.944 -3.729
300.3000 0.33882 9.080 -4.483
300.6337 0.33036 9.454 -4.715
300.9673 0.29725 9.479 -3.291
301.3010 0.28664 9.537 -3.462
301.6347 0.27934 9.759 -3.578
301.9683 0.29165 10.182 -3.609
302.3020 0.29970 10.485 -3.226
302.6357 0.30309 10.870 -3.508
302.9693 0.32148 11.286 -3.863
303.3030 0.33842 11.591 -4.441
303.6367 0.35296 11.806 -4.829
303.9703 0.36604 11.954 -4.843
304.3040 0.36332 12.050 -4.885
304.6377 0.37287 12.428 -4.851
304.9713 0.37631 12.710 -4.848
305.3050 0.38621 13.032 -4.078
305.6387 0.38662 13.245 -3.593
305.9723 0.39360 13.442 -3.478
306.3060 0.40672 13.557 -2.912
306.6397 0.38712 13.638 -2.062
306.9733 0.38770 13.863 -1.997
307.3070 0.40267 13.884 -2.461
307.6407 0.36414 13.709 -2.127
307.9743 0.32104 13.735 -1.762
308.3080 0.32479 13.861 -1.543
308.6417 0.33987 14.107 -1.878
308.9753 0.35724 14.253 -2.180
309.3090 0.36059 14.401 -2.572
309.6427 0.36584 14.386 -2.825
309.9763 0.38721 14.533 -3.152
310.3100 0.39280 14.642 -3.107
310.6437 0.38670 14.596 -2.161
310.9773 0.39498 14.793 -2.609
311.3110 0.40208 14.854 -2.913
311.6447 0.41440 15.067 -3.172
311.9783 0.43414 15.171 -3.497
312.3120 0.44464 15.370 -3.489
312.6457 0.41199 15.376 -3.299
312.9793 0.43161 15.605 -3.506
313.3130 0.42460 15.658 -3.504
313.6467 0.43155 15.973 -3.623
313.9803 0.45614 16.011 -4.389
314.3140 0.45503 16.009 -4.678
314.6477 0.47316 16.242 -4.924
314.9813 0.48448 16.399 -5.366
315.3150 0.48630 16.400 -5.218
315.6487 0.46969 16.305 -4.931
315.9823 0.49231 16.575 -5.102
316.3160 0.51248 16.895 -5.294
316.6497 0.50929 17.084 -4.954
316.9833 0.52275 17.246 -4.804
317.3170 0.50746 17.153 -4.723
317.6507 0.51294 17.236 -4.732
317.9843 0.47811 16.956 -3.518
318.3180 0.47063 16.946 -2.796
318.6517 0.47376 17.057 -1.967
318.9853 0.48274 17.333 -1.231
319.3190 0.49589 17.510 -1.195
319.6527 0.49815 17.617 -1.161
319.9863 0.51232 17.802 -1.600
320.3200 0.52086 17.963 -2.008
320.6537 0.51537 18.102 -1.804
320.9873 0.49235 18.074 -1.517
321.3210 0.50621 18.547 -1.539
321.6547 0.49591 18.732 -1.135
321.9883 0.48951 18.950 -1.162
322.3220 0.49794 19.342 -1.495
322.6557 0.51263 19.547 -1.937
322.9893 0.53098 19.865 -1.832
323.3230 0.53740 19.979 -1.919
323.6567 0.54463 20.330 -0.935
323.9903 0.55844 20.348 -1.371
324.3240 0.55256 20.410 -1.746
324.6577 0.56473 20.523 -1.836
324.9913 0.57415 20.795 -2.004
325.3250 0.57635 20.918 -2.322
325.6587 0.57684 21.128 -2.085
325.9923 0.57102 21.175 -2.127
326.3260 0.57692 21.398 -1.955
326.6597 0.58538 21.644 -1.164
326.9933 0.57067 21.691 -0.902
327.3270 0.57425 21.668 -1.015
327.6607 0.56153 21.556 -1.224
327.9943 0.55480 21.673 -1.467
328.3280 0.55966 21.696 -1.900
328.6617 0.56483 21.993 -1.966
328.9953 0.55931 21.944 -2.426
329.3290 0.53985 21.803 -2.320
329.6627 0.53440 22.043 -2.397
329.9963 0.52228 22.537 -2.253
330.3300 0.52217 22.671 -2.255
330.6637 0.53292 22.954 -2.070
330.9973 0.54434 23.317 -2.294
331.3310 0.54803 23.750 -2.654
331.6647 0.56217 23.871 -3.245
331.9983 0.57894 23.555 -4.029
332.3320 0.57068 22.628 -4.446
332.6657 0.58345 21.896 -4.779
332.9993 0.60202 21.080 -5.459
333.3330 0.59619 20.299 -5.892
333.6667 0.61215 19.976 -5.304
334.0003 0.61588 19.662 -5.461
334.3340 0.63059 19.364 -5.683
334.6677 0.61822 19.065 -5.382
335.0013 0.61447 18.685 -5.219
335.3350 0.61720 18.510 -5.325
335.6687 0.62133 18.367 -5.719
336.0023 0.62067 18.198 -5.788
336.3360 0.61533 18.034 -5.023
336.6697 0.59286 17.787 -5.091
337.0033 0.58972 17.688 -5.104
337.3370 0.59292 17.468 -5.403
337.6707 0.57724 17.210 -5.537
338.0043 0.59019 17.051 -5.916
338.3380 0.56169 16.733 -5.516
338.6717 0.57047 16.473 -5.428
339.0053 0.56682 16.150 -5.477
339.3390 0.54130 15.902 -5.274
339.6727 0.52991 15.680 -5.404
340.0063 0.54197 15.586 -5.529
340.3400 0.53104 15.533 -5.739
340.6737 0.53499 15.483 -6.096
341.0073 0.48677 15.218 -5.922
341.3410 0.47491 15.020 -6.001
341.6747 0.46221 15.022 -6.035
342.0083 0.44799 15.093 -6.128
342.3420 0.45746 15.128 -6.480
342.6757 0.45413 15.286 -6.487
343.0093 0.46581 15.241 -7.074
343.3430 0.45944 15.208 -7.489
343.6767 0.46277 15.612 -7.484
344.0103 0.47196 15.990 -6.686
344.3440 0.46801 16.441 -6.361
344.6777 0.48226 17.034 -6.728
345.0113 0.49760 17.582 -7.186
345.3450 0.49379 18.031 -6.248
345.6787 0.47296 18.385 -5.547
346.0123 0.46660 18.393 -5.266
346.3460 0.48601 18.558 -5.795
346.6797 0.50171 18.786 -6.537
347.0133 0.51568 18.858 -7.128
347.3470 0.52072 18.608 -6.747
347.6807 0.53109 18.566 -6.634
348.0143 0.53696 18.333 -6.774
348.3480 0.53829 18.037 -5.822
348.6817 0.54347 17.778 -5.518
349.0153 0.54432 17.727 -5.190
349.3490 0.52905 17.442 -4.288
349.6827 0.51886 17.028 -3.547
350.0163 0.52165 16.462 -3.647
350.3500 0.54550 16.361 -4.606
350.6837 0.56194 16.022 -5.652
351.0173 0.58769 15.583 -6.705
351.3510 0.61368 15.402 -7.704
351.6847 0.63197 15.168 -8.258
352.0183 0.65568 15.182 -9.187
352.3520 0.67037 15.125 -9.584
352.6857 0.67338 15.033 -10.037
353.0193 0.68825 14.833 -10.657
353.3530 0.66875 14.678 -9.515
353.6867 0.65074 14.461 -9.109
354.0203 0.62030 14.306 -8.796
354.3540 0.62486 14.135 -8.579
354.6877 0.60249 13.806 -8.231
355.0213 0.60609 13.705 -8.123
355.3550 0.62260 13.727 -7.883
355.6887 0.63232 13.637 -8.334
356.0223 0.62085 13.289 -8.284
356.3560 0.61951 13.114 -8.104
356.6897 0.58254 12.700 -7.895
357.0233 0.58918 12.477 -7.618
357.3570 0.57883 12.342 -7.603
357.6907 0.58437 12.305 -8.008
358.0243 0.55176 12.025 -7.171
358.3580 0.51896 11.988 -6.909
358.6917 0.52868 12.017 -6.815
359.0253 0.48306 11.763 -6.018
359.3590 0.44553 11.547 -4.638
359.6927 0.43925 11.538 -3.678
360.0263 0.44435 11.520 -3.694
360.3600 0.43775 11.365 -3.935
360.6937 0.41433 11.034 -3.787
361.0273 0.41360 10.714 -3.268
361.3610 0.42293 10.661 -3.522
361.6947 0.39964 10.526 -2.945
362.0283 0.40813 10.415 -3.048
362.3620 0.42501 10.399 -2.570
362.6957 0.40929 10.158 -2.452
363.0293 0.40650 9.865 -2.327
363.3630 0.37880 9.666 -2.101
363.6967 0.37233 9.571 -1.845
364.0303 0.35469 9.437 -1.574
364.3640 0.32809 9.199 -1.221
364.6977 0.34610 9.097 -1.474
365.0313 0.35411 8.834 -1.908
365.3650 0.34999 8.516 -2.118
365.6987 0.33748 8.303 -2.252
366.0323 0.27632 7.856 -1.881
366.3660 0.27253 7.543 -2.207
366.6997 0.25462 7.371 -2.371
367.0333 0.24364 7.265 -2.406
367.3670 0.24741 7.393 -2.514
367.7007 0.24561 7.374 -2.336
368.0343 0.26113 7.143 -2.906
368.3680 0.28619 7.272 -3.633
368.7017 0.30470 7.700 -3.226
369.0353 0.31142 8.112 -3.005
369.3690 0.33386 8.457 -3.563
369.7027 0.34042 8.613 -3.969
370.0363 0.34321 8.889 -4.211
370.3700 0.35218 9.179 -4.136
370.7037 0.35401 9.462 -4.447
371.0373 0.35870 9.743 -4.846
371.3710 0.37127 9.925 -5.091
371.7047 0.38385 10.152 -4.883
372.0383 0.37395 10.177 -4.041
372.3720 0.37838 10.248 -3.829
372.7057 0.36571 10.450 -2.367
373.0393 0.33944 10.501 -1.789
373.3730 0.35678 10.245 -2.303
373.7067 0.36095 10.359 -2.565
374.0403 0.37484 10.384 -2.645
374.3740 0.36652 10.459 -2.630
374.7077 0.37422 10.675 -2.545
375.0413 0.38320 10.561 -2.840
375.3750 0.40191 10.613 -3.082
375.7087 0.38779 10.764 -2.359
376.0423 0.40179 11.048 -2.674
376.3760 0.39803 11.224 -2.693
376.7097 0.37895 11.332 -2.292
377.0433 0.35536 11.310 -2.117
377.3770 0.35217 11.555 -2.052
377.7107 0.35259 11.492 -2.331
378.0443 0.35801 11.381 -2.362
378.3780 0.36547 11.510 -2.666
378.7117 0.36690 11.370 -2.948
379.0453 0.34861 11.144 -1.799
379.3790 0.34126 11.017 -1.738
379.7127 0.34656 11.069 -1.574
380.0463 0.34656 10.963 -1.681
380.3800 0.35978 10.792 -2.086
380.7137 0.36051 10.780 -2.211
381.0473 0.37331 10.783 -2.601
381.3810 0.37092 10.919 -2.975
381.7147 0.37163 10.962 -3.156
382.0483 0.36146 11.119 -3.160
382.3820 0.36652 11.370 -3.364
382.7157 0.38686 11.416 -4.077
383.0493 0.37495 11.174 -4.436
383.3830 0.36404 11.179 -4.083
383.7167 0.37176 11.209 -3.300
384.0503 0.34881 11.182 -2.903
384.3840 0.35094 11.250 -2.614
384.7177 0.33778 11.086 -2.360
385.0513 0.33585 11.227 -2.351
385.3850 0.35402 11.288 -2.957
385.7187 0.35581 11.448 -2.481
386.0523 0.33990 11.532 -1.907
386.3860 0.34238 11.704 -1.942
386.7197 0.34276 11.587 -1.527
387.0533 0.35427 11.703 -1.235
387.3870 0.33624 11.660 -0.538
387.7207 0.30943 11.656 0.084
388.0543 0.31049 11.747 1.311
388.3880 0.30928 12.062 2.266
388.7217 0.29777 12.293 3.087
389.0553 0.30473 12.582 3.433
389.3890 0.30054 12.650 3.174
389.7227 0.29956 12.910 3.275
390.0563 0.29740 13.260 3.257
390.3900 0.29537 13.665 3.445
390.7237 0.28494 13.877 3.108
391.0573 0.30042 14.308 2.560
391.3910 0.29398 14.520 2.410
391.7247 0.29811 14.898 2.094
392.0583 0.27259 14.951 2.308
392.3920 0.28301 15.336 1.996
392.7257 0.27178 15.507 1.786
393.0593 0.26992 15.838 1.852
393.3930 0.28118 15.836 1.304
393.7267 0.28871 16.124 1.732
394.0603 0.27288 16.287 1.673
394.3940 0.29124 16.514 1.164
394.7277 0.28091 16.653 0.902
395.0613 0.26464 16.647 0.815
395.3950 0.27875 16.713 0.374
395.7287 0.29011 16.855 0.151
396.0623 0.29996 17.034 -0.012
396.3960 0.28548 17.062 0.152
396.7297 0.28866 17.180 0.767
397.0633 0.28216 17.312 1.132
397.3970 0.29093 17.556 1.426
397.7307 0.27281 17.541 1.836
398.0643 0.29369 17.674 1.363
398.3980 0.29973 17.783 0.798
398.7317 0.29973 17.786 0.445
399.0653 0.28728 17.834 0.567
399.3990 0.30911 17.860 0.365
399.7327 0.30604 17.862 0.712
400.0663 0.31607 17.965 0.430
400.4000 0.33118 18.108 0.054
400.7337 0.33291 18.133 0.122
401.0673 0.34956 18.326 0.427
401.4010 0.31443 18.261 0.513
401.7347 0.32690 18.389 0.076
402.0683 0.30978 18.671 0.296
402.4020 0.33546 18.598 -0.526
402.7357 0.35495 18.693 -1.106
403.0693 0.36590 18.823 -1.313
403.4030 0.38205 18.950 -1.532
403.7367 0.38042 19.178 -1.010
404.0703 0.38115 19.329 -1.231
404.4040 0.38694 19.703 -1.396
404.7377 0.38074 19.894 -0.787
405.0713 0.38446 20.077 -1.086
405.4050 0.39769 20.432 -1.147
405.7387 0.35778 20.433 -1.143
406.0723 0.34664 20.671 -1.234
406.4060 0.33439 20.994 -1.144
406.7397 0.34828 21.131 -1.608
407.0733 0.35539 21.367 -1.818
407.4070 0.36328 21.533 -2.270
407.7407 0.34289 21.815 -2.469
408.0743 0.33366 22.040 -2.684
408.4080 0.33333 22.351 -2.943
408.7417 0.32083 22.758 -2.879
409.0753 0.31927 23.117 -2.651
409.4090 0.32806 23.466 -2.938
409.7427 0.34278 23.773 -3.276
410.0763 0.33312 23.913 -3.619
410.4100 0.33039 24.062 -3.845
410.7437 0.34626 24.565 -3.648
411.0773 0.35054 24.875 -3.598
411.4110 0.36345 25.356 -3.550
411.7447 0.37289 25.666 -3.911
412.0783 0.35158 25.775 -3.888
412.4120 0.36890 25.985 -4.500
412.7457 0.35396 26.185 -4.716
413.0793 0.37759 26.556 -4.259
413.4130 0.38382 26.759 -4.122
413.7467 0.38833 27.034 -4.306
414.0803 0.38802 27.231 -3.938
414.4140 0.38767 27.405 -3.745
414.7477 0.40063 27.732 -3.956
415.0813 0.39030 27.997 -3.633
415.4150 0.38294 28.306 -3.494
415.7487 0.38523 28.632 -3.694
416.0823 0.38785 28.942 -3.502
416.4160 0.39420 29.118 -3.420
416.7497 0.40835 29.409 -3.695
417.0833 0.40158 29.614 -3.999
417.4170 0.40013 29.813 -4.294
417.7507 0.37261 29.837 -4.024
418.0843 0.34749 29.843 -3.978
418.4180 0.34696 29.805 -4.119
418.7517 0.33789 29.652 -4.179
419.0853 0.35756 29.635 -4.197
419.4190 0.38010 29.556 -4.208
419.7527 0.36303 29.527 -4.360
420.0863 0.35831 29.406 -4.666
420.4200 0.36710 29.382 -4.264
420.7537 0.34763 29.267 -4.023
421.0873 0.34348 29.166 -3.676
421.4210 0.35587 29.155 -4.020
421.7547 0.35422 29.031 -4.267
422.0883 0.36961 29.021 -4.304
422.4220 0.37362 28.979 -4.598
422.7557 0.38428 29.046 -5.016
423.0893 0.39046 29.211 -5.420
423.4230 0.40397 29.316 -5.881
423.7567 0.39959 29.338 -6.171
424.0903 0.41577 29.321 -6.503
424.4240 0.42581 29.399 -6.541
424.7577 0.39693 29.374 -5.922
425.0913 0.39183 29.261 -5.888
425.4250 0.40023 29.336 -6.153
425.7587 0.41546 29.614 -5.837
426.0923 0.42886 29.785 -5.244
426.4260 0.41406 29.900 -4.988
426.7597 0.41246 30.061 -4.936
427.0933 0.39398 30.108 -4.226
427.4270 0.37490 30.136 -3.841
427.7607 0.37615 30.242 -3.943
428.0943 0.38979 30.419 -4.289
428.4280 0.38410 30.528 -4.140
428.7617 0.39245 30.763 -4.324
429.0953 0.40688 30.934 -4.796
429.4290 0.40451 31.060 -4.479
429.7627 0.40311 31.143 -4.591
430.0963 0.41241 31.148 -5.120
430.4300 0.41254 31.363 -4.823
430.7637 0.42328 31.440 -4.996
431.0973 0.41728 31.460 -4.628
431.4310 0.42201 31.656 -4.738
431.7647 0.44073 31.719 -4.631
432.0983 0.44306 31.822 -4.377
432.4320 0.41700 31.821 -4.049
432.7657 0.43658 32.121 -3.806
433.0993 0.42074 32.296 -3.339
433.4330 0.42392 32.540 -2.708
433.7667 0.41159 32.675 -2.361
434.1003 0.42723 32.801 -2.943
434.4340 0.43345 33.023 -2.570
434.7677 0.46045 33.217 -2.698
435.1013 0.46888 33.431 -2.910
435.4350 0.45519 33.469 -2.444
435.7687 0.47148 33.575 -1.522
436.1023 0.44295 33.737 -1.255
436.4360 0.42605 33.956 -1.344
436.7697 0.44228 34.207 -1.775
437.1033 0.46060 34.394 -2.082
437.4370 0.48602 34.459 -2.748
437.7707 0.49321 34.630 -3.249
438.1043 0.50272 34.687 -3.539
438.4380 0.48886 34.696 -3.614
438.7717 0.50005 34.887 -3.601
439.1053 0.50135 35.277 -3.415
439.4390 0.51110 35.445 -3.660
439.7727 0.53219 35.575 -4.281
440.1063 0.54567 35.681 -4.624
440.4400 0.53455 35.815 -4.781
440.7737 0.51133 35.861 -4.871
441.1073 0.47952 35.917 -4.885
441.4410 0.48102 36.159 -4.944
441.7747 0.45933 36.340 -4.686
442.1083 0.47186 36.440 -4.615
442.4420 0.47037 36.402 -4.680
442.7757 0.48667 36.678 -5.142
443.1093 0.49172 37.022 -5.120
443.4430 0.47345 37.175 -4.900
443.7767 0.45846 37.375 -4.401
444.1103 0.45232 37.553 -4.306
444.4440 0.46811 37.845 -4.631
444.7777 0.48331 38.234 -4.861
445.1113 0.48148 38.565 -3.873
445.4450 0.48977 38.728 -3.269
445.7787 0.50627 38.979 -3.584
446.1123 0.51559 39.174 -3.822
446.4460 0.52301 39.456 -4.118
446.7797 0.55156 39.801 -3.701
447.1133 0.57442 40.039 -4.136
447.4470 0.58292 40.321 -3.937
447.7807 0.59243 40.585 -4.197
448.1143 0.60566 40.957 -4.581
448.4480 0.61782 41.246 -4.683
448.7817 0.58495 41.363 -3.829
449.1153 0.55829 41.439 -3.506
449.4490 0.53608 41.704 -3.254
449.7827 0.55169 42.077 -3.617
450.1163 0.55755 42.429 -3.447
450.4500 0.57832 42.567 -3.985
450.7837 0.56920 42.867 -3.638
451.1173 0.55307 43.099 -3.359
451.4510 0.54995 43.376 -2.229
451.7847 0.54953 43.729 -1.907
452.1183 0.52742 43.951 -1.826
452.4520 0.52775 44.017 -2.241
452.7857 0.51497 44.212 -2.351
453.1193 0.52572 44.482 -2.652
453.4530 0.52817 44.578 -1.854
453.7867 0.53687 44.756 -1.530
454.1203 0.53574 44.994 -1.136
454.4540 0.53847 45.305 -1.296
454.7877 0.54661 45.685 -1.571
455.1213 0.55864 45.926 -1.293
455.4550 0.54935 46.068 -0.796
455.7887 0.57154 46.356 -0.928
456.1223 0.58606 46.753 -1.314
456.4560 0.58879 46.891 -1.695
456.7897 0.56089 46.957 -0.753
457.1233 0.57415 47.245 -0.836
457.4570 0.58761 47.387 -1.371
457.7907 0.59955 47.568 -1.737
458.1243 0.58596 47.674 -1.499
458.4580 0.59118 47.823 -1.212
458.7917 0.58019 47.851 -0.779
459.1253 0.57318 47.814 0.131
459.4590 0.58694 47.873 -0.233
459.7927 0.58969 47.835 -0.005
460.1263 0.56164 47.853 1.202
460.4600 0.55828 47.918 1.089
460.7937 0.56148 48.017 1.224
461.1273 0.54511 47.903 2.216
461.4610 0.54417 48.068 2.508
461.7947 0.53356 48.022 2.513
462.1283 0.52208 48.087 2.292
462.4620 0.53592 48.274 1.880
462.7957 0.53467 48.225 2.165
463.1293 0.53537 48.328 2.392
463.4630 0.52654 48.412 2.984
463.7967 0.51902 48.378 3.069
464.1303 0.52694 48.582 3.164
464.4640 0.52552 48.793 2.891
464.7977 0.53624 48.897 2.883
465.1313 0.53223 48.954 2.674
465.4650 0.55204 49.188 2.196
465.7987 0.55861 49.404 2.159
466.1323 0.57998 49.462 1.723
466.4660 0.59738 49.610 1.358
466.7997 0.60248 49.792 1.138
467.1333 0.62128 49.641 1.244
467.4670 0.65432 49.757 0.375
467.8007 0.67331 50.015 -0.142
468.1343 0.69139 50.264 -0.057
468.4680 0.69352 50.479 -0.455
468.8017 0.69729 50.601 -0.334
469.1353 0.66919 50.535 0.450
469.4690 0.67690 50.711 0.223
469.8027 0.68571 50.929 0.573
470.1363 0.69357 51.047 0.900
470.4700 0.67883 51.005 0.910
470.8037 0.65707 50.863 1.706
471.1373 0.62470 50.631 2.244
471.4710 0.62227 50.603 2.621
471.8047 0.60630 50.473 2.769
472.1383 0.58355 50.379 2.867
472.4720 0.58449 50.307 3.295
472.8057 0.58049 50.333 3.701
473.1393 0.57151 50.229 3.882
473.4730 0.57907 50.242 3.521
473.8067 0.58876 50.137 3.139
474.1403 0.58609 49.863 3.188
474.4740 0.58562 49.609 3.240
474.8077 0.57551 49.498 3.278
475.1413 0.57927 49.379 3.241
475.4750 0.59343 49.459 3.109
475.8087 0.58249 49.290 2.903
476.1423 0.58071 49.321 3.138
476.4760 0.58483 48.960 3.294
476.8097 0.60322 48.571 2.709
477.1433 0.61987 48.411 1.972
477.4770 0.63022 48.156 1.412
477.8107 0.63649 47.669 1.765
478.1443 0.66217 47.425 1.096
478.4780 0.67230 47.130 0.587
478.8117 0.67289 46.859 0.283
479.1453 0.68348 46.716 0.179
479.4790 0.69592 46.546 0.137
479.8127 0.72194 46.267 -0.566
480.1463 0.72645 46.186 -0.965
480.4800 0.70905 45.998 -0.852
480.8137 0.70906 45.980 -0.383
481.1473 0.72284 45.971 -0.465
481.4810 0.73674 45.944 -0.839
481.8147 0.72660 45.769 -1.031
482.1483 0.72797 46.014 -0.966
482.4820 0.73162 45.998 -0.528
482.8157 0.72540 45.711 0.140
483.1493 0.73002 44.907 0.044
483.4830 0.73113 44.417 -0.236
483.8167 0.71983 44.057 -0.466
484.1503 0.73373 43.389 -1.152
484.4840 0.75452 42.478 -2.078
484.8177 0.76892 41.481 -2.625
485.1513 0.78396 40.348 -3.232
485.4850 0.76408 39.146 -2.914
485.8187 0.74517 38.282 -2.909
486.1523 0.71302 37.139 -2.766
486.4860 0.71823 36.264 -3.128
486.8197 0.70708 35.282 -3.358
487.1533 0.66998 34.267 -3.229
487.4870 0.64963 33.321 -2.875
487.8207 0.66497 32.495 -3.013
488.1543 0.67036 31.591 -3.427
488.4880 0.66898 31.097 -3.610
488.8217 0.59753 30.134 -2.295
489.1553 0.60659 29.493 -1.969
489.4890 0.60686 29.034 -2.082
489.8227 0.61566 28.521 -1.784
490.1563 0.57658 27.823 -0.984
490.4900 0.57330 27.349 -1.094
490.8237 0.57665 27.025 -0.703
491.1573 0.58436 26.368 -0.877
491.4910 0.60682 25.900 -1.526
491.8247 0.61151 25.517 -1.903
492.1583 0.60522 25.196 -1.668
492.4920 0.60758 24.864 -1.466
492.8257 0.60286 24.599 -0.987
493.1593 0.59363 24.331 -0.889
493.4930 0.60437 24.147 -0.806
493.8267 0.59180 23.958 -0.772
494.1603 0.58791 23.718 -0.923
494.4940 0.55953 23.357 -0.709
494.8277 0.55614 23.211 -0.864
495.1613 0.55669 23.130 -1.080
495.4950 0.53517 23.048 -1.134
495.8287 0.50963 22.930 -0.912
496.1623 0.50076 22.744 -0.929
496.4960 0.51417 22.446 -1.278
496.8297 0.52488 22.430 -1.809
497.1633 0.53517 22.542 -2.175
497.4970 0.55310 22.781 -2.171
497.8307 0.54561 22.752 -2.638
498.1643 0.52929 22.790 -2.515
498.4980 0.48971 22.780 -1.185
498.8317 0.44830 22.791 0.018
499.1653 0.41640 22.626 0.426
499.4990 0.42117 22.597 0.114
499.8327 0.40061 22.567 0.811
500.1663 0.39166 22.520 1.573
500.5000 0.37067 22.595 1.583
500.8337 0.35790 22.542 1.959
501.1673 0.33849 22.524 2.465
501.5010 0.33929 22.525 2.407
501.8347 0.35136 22.613 2.290
502.1683 0.36307 22.543 2.088
502.5020 0.38298 22.697 1.631
502.8357 0.40621 22.718 1.036
503.1693 0.42197 22.759 0.766
503.5030 0.44112 22.862 0.262
503.8367 0.45396 22.934 -0.087
504.1703 0.45746 22.904 -0.280
504.5040 0.48230 23.096 -0.560
504.8377 0.48876 23.040 -0.841
505.1713 0.50125 23.060 -1.336
505.5050 0.47449 22.936 -1.391
505.8387 0.47420 23.150 -1.610
506.1723 0.49275 23.178 -1.807
506.5060 0.49279 23.280 -1.932
506.8397 0.45749 23.270 -1.943
507.1733 0.45005 23.082 -2.168
507.5070 0.45215 23.126 -2.492
507.8407 0.42216 22.982 -2.290
508.1743 0.41155 22.922 -1.715
508.5080 0.41856 22.995 -0.938
508.8417 0.39965 23.056 -0.937
509.1753 0.39194 22.801 -0.635
509.5090 0.39487 22.746 -0.777
509.8427 0.41014 22.569 -1.091
510.1763 0.39577 22.419 -0.687
510.5100 0.40990 22.543 -0.655
510.8437 0.41486 22.557 0.177
511.1773 0.41212 22.565 0.655
511.5110 0.40460 22.541 0.906
511.8447 0.41964 22.496 0.340
512.1783 0.41791 22.457 0.562
512.5120 0.44004 22.312 0.109
512.8457 0.45240 22.368 -0.255
513.1793 0.45549 22.128 -0.868
513.5130 0.44887 22.265 -1.048
513.8467 0.47063 22.500 -0.999
514.1803 0.48511 22.549 -0.675
514.5140 0.50534 22.666 -0.692
514.8477 0.51939 22.725 -0.792
515.1813 0.52941 22.817 -1.167
515.5150 0.49263 22.633 -1.096
515.8487 0.48086 22.616 -0.963
516.1823 0.46131 22.578 -0.649
516.5160 0.44721 22.530 -0.563
516.8497 0.41668 22.411 0.156
517.1833 0.41524 22.354 0.328
517.5170 0.41251 22.408 0.651
517.8507 0.40264 22.196 0.534
518.1843 0.40582 22.141 0.316
518.5180 0.41523 22.193 0.375
518.8517 0.42325 22.338 0.112
519.1853 0.43508 22.383 -0.382
519.5190 0.42797 22.450 -0.652
519.8527 0.43960 22.510 -0.613
520.1863 0.45718 22.378 -0.757
520.5200 0.46867 22.422 -1.059
520.8537 0.47375 22.455 -1.029
521.1873 0.48745 22.484 -1.307
521.5210 0.50789 22.697 -1.638
521.8547 0.47315 22.527 -1.579
522.1883 0.47653 22.685 -1.264
522.5220 0.49027 22.844 -1.548
522.8557 0.49970 22.810 -1.449
523.1893 0.51163 22.807 -1.166
523.5230 0.52037 22.820 -0.610
523.8567 0.52749 22.973 -0.406
524.1903 0.51034 23.144 0.450
524.5240 0.52592 23.153 1.178
524.8577 0.53604 23.332 0.958
525.1913 0.54960 23.395 1.545
525.5250 0.53513 23.363 1.278
525.8587 0.54208 23.638 0.983
526.1923 0.56108 23.847 0.413
526.5260 0.53662 23.890 0.389
526.8597 0.49848 23.842 0.964
527.1933 0.50724 23.921 0.876
527.5270 0.51066 24.076 0.579
527.8607 0.50145 24.294 0.514
528.1943 0.51294 24.453 0.778
528.5280 0.52670 24.638 1.183
528.8617 0.51677 24.843 1.215
529.1953 0.53128 24.548 0.907
529.5290 0.55165 24.488 0.222
529.8627 0.55581 24.374 -0.301
530.1963 0.56246 24.444 -0.254
530.5300 0.59688 24.593 -1.138
530.8637 0.58200 24.551 -1.199
531.1973 0.60757 24.706 -2.030
531.5310 0.63107 25.044 -2.656
531.8647 0.64024 25.219 -2.541
532.1983 0.60215 25.305 -2.462
532.5320 0.60229 25.448 -2.306
532.8657 0.57783 25.388 -2.425
533.1993 0.56905 25.649 -2.493
533.5330 0.59023 25.833 -3.148
533.8667 0.60471 26.074 -2.911
534.2003 0.60932 25.922 -3.063
534.5340 0.57251 25.924 -2.473
534.8677 0.52919 25.845 -1.728
535.2013 0.51077 25.801 -1.482
535.5350 0.50660 25.844 -1.664
535.8687 0.52322 26.136 -2.086
536.2023 0.53511 26.340 -1.724
536.5360 0.53785 26.520 -1.325
536.8697 0.56798 26.594 -2.140
537.2033 0.58449 26.761 -2.655
537.5370 0.59402 27.092 -2.922
537.8707 0.61794 27.532 -3.523
538.2043 0.62384 27.795 -3.563
538.5380 0.64005 28.103 -3.666
538.8717 0.63875 28.232 -3.948
539.2053 0.66115 28.515 -4.200
539.5390 0.67428 28.719 -3.667
539.8727 0.68931 28.891 -3.832
540.2063 0.70168 29.161 -3.397
540.5400 0.66916 29.236 -3.098
540.8737 0.67601 29.303 -3.310
541.2073 0.66882 29.409 -3.071
541.5410 0.64022 29.490 -2.972
541.8747 0.62467 29.494 -2.766
542.2083 0.61763 29.569 -2.648
542.5420 0.63592 29.846 -3.015
542.8757 0.64006 29.935 -3.450
543.2093 0.63923 30.176 -3.708
543.5430 0.64497 30.382 -3.830
543.8767 0.64019 30.544 -3.894
544.2103 0.64764 30.670 -4.084
544.5440 0.66618 30.800 -4.476
544.8777 0.67073 30.610 -4.816
545.2113 0.66289 30.551 -4.479
545.5450 0.62831 30.462 -4.292
545.8787 0.64252 30.807 -4.653
546.2123 0.65668 30.895 -3.957
546.5460 0.64903 30.770 -3.516
546.8797 0.64688 30.926 -3.710
547.2133 0.64474 30.933 -3.199
547.5470 0.59605 30.830 -1.678
547.8807 0.54253 30.815 -0.370
548.2143 0.52513 30.761 0.132
548.5480 0.49314 30.634 0.875
548.8817 0.50339 30.683 0.567
549.2153 0.48977 30.609 0.736
549.5490 0.45781 30.375 1.457
549.8827 0.44107 30.413 1.712
550.2163 0.42946 30.309 2.693
550.5500 0.42217 30.251 3.661
550.8837 0.41609 30.418 4.084
551.2173 0.38684 30.475 4.252
551.5510 0.38875 30.366 4.356
551.8847 0.39833 30.426 4.163
552.2183 0.40145 30.359 3.867
552.5520 0.41332 30.595 4.132
552.8857 0.39998 30.644 4.533
553.2193 0.39633 30.771 4.722
553.5530 0.39048 30.812 4.662
553.8867 0.37595 30.729 5.042
554.2203 0.35269 30.663 5.074
554.5540 0.35015 30.629 4.718
554.8877 0.36627 30.730 4.330
555.2213 0.38010 30.878 3.891
555.5550 0.36920 30.927 3.631
555.8887 0.35431 30.993 3.504
556.2223 0.33524 31.030 3.625
556.5560 0.32537 31.250 3.440
556.8897 0.31981 31.237 3.704
557.2233 0.28794 31.168 4.316
557.5570 0.28938 31.318 4.481
557.8907 0.27296 31.202 4.611
558.2243 0.26993 31.300 4.613
558.5580 0.26657 31.271 4.382
558.8917 0.26495 31.352 4.336
559.2253 0.25306 31.169 4.210
559.5590 0.27301 31.381 3.744
559.8927 0.26494 31.551 4.135
560.2263 0.27419 31.641 4.132
560.5600 0.28826 31.760 3.920
560.8937 0.30791 31.738 4.018
561.2273 0.28943 31.803 4.826
561.5610 0.28943 31.897 5.024
561.8947 0.31474 32.160 4.932
562.2283 0.33023 32.358 4.593
562.5620 0.33884 32.387 4.763
562.8957 0.32930 32.513 4.792
563.2293 0.32913 32.417 4.611
563.5630 0.35315 32.454 3.964
563.8967 0.35121 32.506 3.809
564.2303 0.35524 32.448 3.777
564.5640 0.33412 32.359 4.241
564.8977 0.33447 32.202 4.038
565.2313 0.33645 32.257 3.747
565.5650 0.34981 32.159 3.919
565.8987 0.36503 32.338 3.393
566.2323 0.33968 32.174 3.365
566.5660 0.34321 32.226 3.249
566.8997 0.37562 32.252 2.486
567.2333 0.38939 32.293 2.075
567.5670 0.38480 32.412 1.827
567.9007 0.38064 32.748 1.561
568.2343 0.37786 32.986 1.950
568.5680 0.38088 33.131 1.584
568.9017 0.38009 33.208 1.446
569.2353 0.36502 33.308 1.536
569.5690 0.33277 33.252 1.585
569.9027 0.30103 33.255 2.380
570.2363 0.29517 33.411 3.086
570.5700 0.30793 33.682 3.693
570.9037 0.29330 33.669 4.336
571.2373 0.30091 33.837 4.636
571.5710 0.29526 33.871 4.805
571.9047 0.30599 33.964 4.503
572.2383 0.30417 33.937 4.413
572.5720 0.27868 33.833 4.687
572.9057 0.28409 33.952 4.631
573.2393 0.29577 34.048 4.291
573.5730 0.28779 34.079 4.092
573.9067 0.27938 34.000 4.222
574.2403 0.27768 34.212 4.113
574.5740 0.27374 34.283 4.047
574.9077 0.27534 34.531 4.274
575.2413 0.27619 34.491 3.948
575.5750 0.28780 34.675 3.539
575.9087 0.26712 34.653 4.133
576.2423 0.27016 34.859 4.020
576.5760 0.25076 34.904 4.740
576.9097 0.24198 34.959 5.058
577.2433 0.22983 35.078 5.270
577.5770 0.23973 35.065 5.662
577.9107 0.26102 35.202 5.188
578.2443 0.25882 35.188 4.849
578.5780 0.23905 35.069 4.848
578.9117 0.24814 35.051 5.411
579.2453 0.26580 35.256 5.120
579.5790 0.23785 35.119 5.107
579.9127 0.23856 35.073 4.991
580.2463 0.23465 35.068 4.891
580.5800 0.25723 35.273 4.439
580.9137 0.27258 35.592 4.287
581.2473 0.29190 35.942 4.181
581.5810 0.29904 36.191 4.101
581.9147 0.30853 36.598 4.425
582.2483 0.34023 37.055 4.169
582.5820 0.35710 37.458 4.323
582.9157 0.35245 37.730 4.146
583.2493 0.34568 37.884 4.566
583.5830 0.36719 38.186 4.374
583.9167 0.38511 38.445 4.584
584.2503 0.39388 38.594 4.450
584.5840 0.40387 38.711 4.064
584.9177 0.37701 38.895 4.274
585.2513 0.38354 39.146 4.373
585.5850 0.36181 39.236 4.361
585.9187 0.35131 39.471 4.274
586.2523 0.35074 39.624 4.430
586.5860 0.36442 39.854 4.182
586.9197 0.38027 40.157 4.515
587.2533 0.39964 40.452 4.083
587.5870 0.42036 40.615 3.589
587.9207 0.44339 40.729 3.019
588.2543 0.44436 40.879 2.896
588.5880 0.46134 41.139 2.736
588.9217 0.46115 41.432 2.384
589.2553 0.46121 41.484 2.481
589.5890 0.47284 41.838 2.209
589.9227 0.47124 41.997 2.060
590.2563 0.46186 42.351 2.848
590.5900 0.47035 42.558 3.093
590.9237 0.48451 42.901 3.284
591.2573 0.50461 43.158 3.392
591.5910 0.52507 43.564 3.471
591.9247 0.53413 43.657 3.193
592.2583 0.53849 43.728 2.861
592.5920 0.53414 43.695 2.871
592.9257 0.54836 43.928 2.527
593.2593 0.56141 44.112 2.083
593.5930 0.55057 44.088 1.931
593.9267 0.54669 44.264 2.278
594.2603 0.54049 44.274 2.306
594.5940 0.55721 44.313 1.862
594.9277 0.51394 44.138 1.944
595.2613 0.51554 44.298 1.893
595.5950 0.53252 44.435 2.145
595.9287 0.53490 44.525 1.819
596.2623 0.54630 44.648 1.528
596.5960 0.55031 44.897 1.564
596.9297 0.56051 45.028 1.279
597.2633 0.58069 45.351 1.482
597.5970 0.58395 45.576 1.057
597.9307 0.59898 45.795 0.801
598.2643 0.62230 46.034 0.158
598.5980 0.62535 46.180 -0.268
598.9317 0.58777 46.025 -0.112
599.2653 0.55009 45.988 0.318
599.5990 0.53511 45.837 0.937
599.9327 0.51285 45.699 1.422
600.2663 0.52235 45.757 1.138
600.6000 0.50979 45.727 1.331
600.9337 0.50632 45.901 1.257
601.2673 0.51538 45.908 1.075
601.6010 0.48473 45.674 1.486
601.9347 0.49630 45.620 1.201
602.2683 0.48693 45.541 1.325
602.6020 0.48699 45.513 1.214
602.9357 0.50712 45.428 0.701
603.2693 0.51999 45.313 0.385
603.6030 0.53231 45.312 -0.002
603.9367 0.51593 45.258 -0.136
604.2703 0.53254 45.302 -0.559
604.6040 0.55055 45.334 -0.472
604.9377 0.54664 45.362 -0.545
605.2713 0.53755 45.267 -0.599
605.6050 0.52481 45.231 -0.143
605.9387 0.48984 45.034 0.683
606.2723 0.48383 45.025 0.534
606.6060 0.47975 45.013 0.713
606.9397 0.49385 45.003 0.637
607.2733 0.50371 45.142 0.254
607.6070 0.51817 45.225 -0.147
607.9407 0.53026 45.299 -0.548
608.2743 0.53556 45.489 -0.532
608.6080 0.54667 45.568 -0.413
608.9417 0.52480 45.557 -0.211
609.2753 0.54044 45.734 -0.409
609.6090 0.55228 45.878 -0.766
609.9427 0.55777 45.943 -0.832
610.2763 0.56819 46.073 -0.750
610.6100 0.56712 46.148 -0.996
610.9437 0.56665 46.235 -1.224
611.2773 0.57967 46.397 -1.045
611.6110 0.55290 46.197 -1.000
611.9447 0.53849 46.339 -0.412
612.2783 0.52672 46.364 0.200
612.6120 0.48955 46.349 1.464
612.9457 0.46733 46.325 2.273
613.2793 0.43907 46.069 2.807
613.6130 0.43843 45.936 2.743
613.9467 0.44627 45.894 2.569
614.2803 0.43791 45.816 2.938
614.6140 0.42451 45.781 3.186
614.9477 0.41080 45.725 3.236
615.2813 0.42791 45.859 2.981
615.6150 0.39031 45.665 3.396
615.9487 0.35957 45.687 3.465
616.2823 0.34422 45.797 3.407
616.6160 0.34410 45.962 3.117
616.9497 0.34518 46.106 2.833
617.2833 0.34284 46.188 3.213
617.6170 0.33297 46.168 3.449
617.9507 0.32782 46.140 3.782
618.2843 0.30821 46.062 4.194
618.6180 0.30429 46.205 4.580
618.9517 0.31033 46.400 4.777
619.2853 0.30395 46.420 4.753
619.6190 0.29900 46.316 4.502
619.9527 0.31428 46.394 4.448
620.2863 0.31920 46.463 4.518
620.6200 0.31900 46.504 4.668
620.9537 0.31898 46.456 4.465
621.2873 0.31133 46.511 4.212
621.6210 0.31300 46.600 4.436
621.9547 0.32454 46.779 4.518
622.2883 0.34329 47.016 4.016
622.6220 0.34403 47.139 3.840
622.9557 0.34981 47.276 3.628
623.2893 0.32634 47.238 3.687
623.6230 0.32559 47.180 4.087
623.9567 0.32106 47.265 4.105
624.2903 0.31357 47.262 4.657
624.6240 0.32393 47.360 5.367
624.9577 0.32086 47.396 5.950
625.2913 0.32387 47.464 6.450
625.6250 0.33507 47.564 6.473
625.9587 0.32425 47.592 6.265
626.2923 0.32043 47.723 6.680
626.6260 0.31919 47.783 6.869
626.9597 0.32921 47.893 7.083
627.2933 0.33294 47.955 7.505
627.6270 0.32808 48.055 7.696
627.9607 0.34572 48.161 7.290
628.2943 0.35518 48.273 7.053
628.6280 0.36993 48.439 6.813
628.9617 0.36915 48.608 6.990
629.2953 0.37988 48.826 6.748
629.6290 0.37587 49.006 6.744
629.9627 0.37650 49.238 7.044
630.2963 0.38771 49.639 6.918
630.6300 0.38339 49.844 6.715
630.9637 0.39609 50.063 6.789
631.2973 0.38369 50.169 6.897
631.6310 0.38538 50.330 6.952
631.9647 0.39080 50.510 6.893
632.2983 0.40498 50.600 6.504
632.6320 0.42354 50.912 6.610
632.9657 0.41532 51.084 6.819
633.2993 0.43423 51.351 6.350
633.6330 0.44267 51.536 6.316
633.9667 0.45156 51.790 6.525
634.3003 0.46118 52.069 6.146
634.6340 0.46636 52.222 6.103
634.9677 0.48511 52.545 6.076
635.3013 0.49447 52.836 6.510
635.6350 0.50451 53.149 6.129
635.9687 0.51345 53.431 6.110
636.3023 0.51090 53.632 6.268
636.6360 0.48259 53.697 6.914
636.9697 0.48270 54.020 7.393
637.3033 0.48492 54.245 7.559
637.6370 0.48380 54.496 7.399
637.9707 0.49022 54.806 7.105
638.3043 0.49586 55.170 7.046
638.6380 0.51124 55.714 6.800
638.9717 0.53102 56.017 6.694
639.3053 0.53645 56.427 6.424
639.6390 0.54780 56.645 5.992
639.9727 0.57046 56.924 5.398
640.3063 0.57754 57.079 5.187
640.6400 0.58439 57.291 5.230
640.9737 0.60007 57.455 4.713
641.3073 0.61945 57.708 4.109
641.6410 0.61303 57.690 4.012
641.9747 0.62562 57.807 3.783
642.3083 0.62478 57.957 3.572
642.6420 0.64082 57.937 3.260
642.9757 0.66515 58.187 2.420
643.3093 0.66735 58.573 1.928
643.6430 0.66804 59.032 1.581
643.9767 0.68131 59.424 1.519
644.3103 0.68530 59.717 1.602
644.6440 0.69256 60.045 1.602
644.9777 0.69334 60.224 1.295
645.3113 0.69975 60.514 1.106
645.6450 0.71527 60.587 0.466
645.9787 0.72332 60.848 0.334
646.3123 0.74352 61.119 -0.116
