0.0000 0.06660 -1.300 -4.702 1
0.3337 0.06314 -1.321 -4.934 1
0.6673 0.06447 -1.207 -4.916 1
1.0010 0.08826 -1.254 -5.026 1
1.3347 0.09181 -1.139 -4.471 1
1.6683 0.08455 -1.006 -4.354 1
2.0020 0.08577 -0.691 -4.618 1
2.3357 0.09890 -0.400 -4.951 1
2.6693 0.11243 -0.227 -3.123 1
3.0030 0.10521 -0.045 -2.060 1
3.3367 0.08229 -0.044 -2.078 1
3.6703 0.06624 0.066 -2.207 1
4.0040 0.04327 0.009 -2.162 1
4.3377 0.02836 -0.060 -2.178 1
4.6713 0.01524 -0.056 -1.257 1
5.0050 0.00000 0.000 0.000 1
5.3387 0.01349 0.016 -0.319 1
5.6723 -0.00484 -0.042 0.424 1
6.0060 -0.01700 -0.010 1.728 1
6.3397 -0.01418 0.105 2.056 1
6.6733 -0.01335 0.088 2.554 1
7.0070 -0.02952 0.114 2.981 1
7.3407 -0.02724 0.147 3.659 1
7.6743 -0.04164 0.091 4.072 1
8.0080 -0.06024 -0.023 4.260 1
8.3417 -0.05489 -0.039 4.634 1
8.6753 -0.08260 -0.405 4.993 1
9.0090 -0.08595 -0.575 4.877 1
9.3427 -0.06649 -0.643 4.387 1
9.6763 -0.05931 -0.562 4.159 1
10.0100 -0.03587 -0.588 5.152 1
10.3437 -0.02689 -0.575 4.845 1
10.6773 -0.01132 -0.486 4.395 1
11.0110 0.00104 -0.377 4.021 1
11.3447 0.01903 -0.435 3.985 1
11.6783 0.02188 -0.301 3.612 1
12.0120 0.02731 -0.299 3.261 1
12.3457 0.04179 -0.177 3.361 1
12.6793 0.02095 -0.283 3.270 1
13.0130 -0.00581 -0.370 3.236 1
13.3467 -0.01040 -0.475 3.335 1
13.6803 0.00319 -0.330 3.993 1
14.0140 0.01913 -0.102 3.856 1
14.3477 0.03161 -0.037 4.309 1
14.6813 0.04942 -0.009 4.672 1
15.0150 0.05765 -0.072 4.655 1
15.3487 0.06832 0.101 4.159 1
15.6823 0.07015 0.258 4.062 1
16.0160 0.07168 0.221 4.559 1
16.3497 0.06283 0.057 6.001 1
16.6833 0.07047 0.019 6.405 1
17.0170 0.05909 -0.075 6.685 1
17.3507 0.06392 -0.078 6.087 1
17.6843 0.05384 -0.204 5.994 1
18.0180 0.07221 -0.124 6.315 1
18.3517 0.08104 -0.117 7.057 1
18.6853 0.09561 -0.143 6.670 1
19.0190 0.10461 -0.318 5.556 1
19.3527 0.10607 -0.329 5.138 1
19.6863 0.12389 -0.364 4.696 1
20.0200 0.10222 -0.385 4.682 1
20.3537 0.11809 -0.222 5.036 1
20.6873 0.13062 -0.092 4.786 1
21.0210 0.13714 0.364 4.542 1
21.3547 0.13302 0.983 4.713 1
21.6883 0.15267 1.933 3.443 1
22.0220 0.17636 4.082 1.261 1
22.3557 0.20016 6.098 -4.431 1
22.6893 0.23081 5.811 -5.684 1
23.0230 0.24177 2.270 -4.428 1
23.3567 0.24037 -1.805 -4.316 1
23.6903 0.23229 -5.166 -5.606 1
24.0240 0.23755 -5.988 -15.284 1
24.3577 0.25577 -5.773 -22.661 1
24.6913 0.22166 -6.953 -16.889 1
25.0250 0.20235 -8.189 -14.235 1
25.3587 0.20677 -8.475 -13.385 1
25.6923 0.20139 -8.433 -13.325 1
26.0260 0.21945 -7.413 -13.573 1
26.3597 0.23488 -2.331 -16.441 1
26.6933 0.27662 5.641 -20.567 1
27.0270 0.28442 11.423 -22.270 1
27.3607 0.28372 14.522 -20.617 1
27.6943 0.29657 13.787 -20.407 1
28.0280 0.32507 11.325 -19.203 1
28.3617 0.35328 7.773 -17.081 1
28.6953 0.35702 3.832 -15.348 1
29.0290 0.33749 0.520 -12.834 1
29.3627 0.31190 -1.668 -11.799 1
29.6963 0.30399 -2.975 -11.529 1
30.0300 0.29366 -3.246 -11.677 1
30.3637 0.29201 -2.832 -12.113 1
30.6973 0.28151 -0.157 -12.965 1
31.0310 0.28308 5.612 -14.767 1
31.3647 0.28897 12.047 -15.303 1
31.6983 0.27638 15.891 -15.233 1
32.0320 0.28098 15.400 -16.038 1
32.3657 0.30682 14.793 -16.581 1
32.6993 0.33843 11.073 -16.591 1
33.0330 0.38071 10.537 -16.487 1
33.3667 0.37439 7.787 -15.738 1
33.7003 0.34754 5.383 -14.866 1
34.0340 0.30165 2.587 -12.326 1
34.3677 0.29334 -0.166 -11.128 1
34.7013 0.30450 -1.501 -12.491 1
35.0350 0.30250 -2.425 -12.372 1
35.3687 0.30287 -2.945 -11.550 1
35.7023 0.28955 -3.742 -9.741 1
36.0360 0.29264 -4.540 -9.244 1
36.3697 0.27078 -5.314 -9.007 1
36.7033 0.24857 -5.747 -8.007 1
37.0370 0.23510 -6.074 -7.151 1
37.3707 0.23651 -6.393 -6.480 1
37.7043 0.23188 -6.514 -4.832 1
38.0380 0.19231 -6.859 -3.645 1
38.3717 0.19220 -7.001 -3.800 1
38.7053 0.20505 -6.987 -4.000 1
39.0390 0.21542 -6.839 -4.284 1
39.3727 0.16567 -7.165 -4.278 1
39.7063 0.17008 -7.342 -4.416 1
40.0400 0.16376 -7.481 -4.832 1
40.3737 0.17042 -7.537 -5.133 1
40.7073 0.17343 -7.651 -5.274 1
41.0410 0.15513 -7.874 -4.500 1
41.3747 0.16260 -7.722 -5.381 1
41.7083 0.16908 -7.471 -4.900 1
42.0420 0.16868 -7.913 -4.745 1
42.3757 0.17042 -8.458 -4.547 1
42.7093 0.16316 -8.757 -4.152 1
43.0430 0.17564 -8.978 -4.406 1
43.3767 0.14128 -9.406 -3.806 1
43.7103 0.14340 -9.674 -4.205 1
44.0440 0.12601 -9.807 -4.142 1
44.3777 0.14214 -9.792 -3.705 1
44.7113 0.12621 -10.086 -2.817 1
45.0450 0.13832 -10.011 -3.115 1
45.3787 0.13999 -10.142 -2.728 1
45.7123 0.13194 -10.516 -2.862 1
46.0460 0.12973 -10.776 -2.952 1
46.3797 0.11189 -10.934 -2.247 1
46.7133 0.12211 -10.894 -1.506 1
47.0470 0.11388 -11.050 -0.779 1
47.3807 0.12346 -10.940 -0.557 1
47.7143 0.13406 -10.876 -0.485 1
48.0480 0.14106 -10.311 -0.741 1
48.3817 0.15312 -10.272 -0.718 1
48.7153 0.16277 -10.510 -1.067 1
49.0490 0.15425 -10.796 -1.451 1
49.3827 0.14122 -11.204 -1.423 1
49.7163 0.14509 -11.276 -1.795 1
50.0500 0.12725 -11.300 -1.735 1
50.3837 0.10111 -11.305 -1.820 1
50.7173 0.08367 -11.292 -2.375 1
51.0510 0.10284 -10.961 -1.865 1
51.3847 0.07733 -11.012 -2.107 1
51.7183 0.09488 -11.060 -2.023 1
52.0520 0.07703 -11.247 -1.340 1
52.3857 0.07381 -11.197 -0.451 1
52.7193 0.04115 -11.526 0.281 1
53.0530 0.01488 -11.566 0.876 1
53.3867 -0.00959 -11.486 1.267 1
53.7203 -0.01294 -11.539 1.179 1
54.0540 -0.02246 -11.662 1.551 1
54.3877 -0.00211 -11.540 0.964 1
54.7213 0.00049 -11.348 0.487 1
55.0550 0.00151 -11.167 0.070 1
55.3887 0.01605 -11.203 -0.253 1
55.7223 -0.00291 -11.420 0.336 1
56.0560 0.00568 -11.335 0.480 1
56.3897 -0.02663 -11.422 1.339 1
56.7233 -0.01985 -11.230 1.754 1
57.0570 -0.01077 -11.204 1.359 1
57.3907 -0.00216 -11.199 1.277 1
57.7243 -0.01486 -11.227 1.267 1
58.0580 0.00168 -11.120 0.902 1
58.3917 0.01042 -11.018 0.674 1
58.7253 0.01825 -11.052 1.078 1
59.0590 0.02693 -11.340 1.080 1
59.3927 0.03481 -10.971 0.527 1
59.7263 0.03941 -10.804 0.693 1
60.0600 0.02800 -10.952 0.838 1
60.3937 0.02748 -11.142 1.180 1
60.7273 0.03718 -11.250 0.232 1
61.0610 0.04857 -11.671 0.081 1
61.3947 0.05992 -12.143 -0.145 1
61.7283 0.06308 -12.440 1.262 1
62.0620 0.05778 -12.759 0.845 1
62.3957 0.04978 -12.956 0.885 1
62.7293 0.05616 -13.116 0.129 1
63.0630 0.06531 -12.884 -0.530 1
63.3967 0.07909 -12.954 -0.132 1
63.7303 0.09185 -13.332 -0.513 1
64.0640 0.04275 -13.868 0.024 1
64.3977 0.01421 -14.351 0.634 1
64.7313 0.02475 -14.253 0.273 1
65.0650 0.03702 -14.149 0.382 1
65.3987 0.04268 -13.939 -0.180 1
65.7323 0.05458 -13.739 -0.485 1
66.0660 0.06236 -13.729 -1.112 1
66.3997 0.06302 -13.758 -1.505 1
66.7333 0.06103 -13.760 -1.779 1
67.0670 0.03130 -13.822 -2.440 1
67.4007 0.04900 -13.751 -2.712 1
67.7343 0.03568 -13.861 -1.344 1
68.0680 -0.00129 -13.992 -0.667 1
68.4017 0.00587 -13.952 -1.662 1
68.7353 0.00900 -13.817 -1.673 1
69.0690 0.02108 -13.527 -2.363 1
69.4027 0.02834 -13.527 -2.136 1
69.7363 0.03951 -13.664 -1.785 1
70.0700 0.04443 -13.808 -1.242 1
70.4037 0.05977 -13.632 -0.235 1
70.7373 0.06724 -13.636 -0.434 1
71.0710 0.06749 -13.390 -0.602 1
71.4047 0.07040 -13.439 -0.863 1
71.7383 0.07540 -13.312 -1.348 1
72.0720 0.08626 -13.345 -1.776 1
72.4057 0.09946 -13.390 -1.955 1
72.7393 0.08844 -13.663 -2.155 1
73.0730 0.08342 -13.736 -1.428 1
73.4067 0.09585 -13.497 -1.288 1
73.7403 0.08381 -13.603 -0.532 1
74.0740 0.07827 -13.719 -0.179 1
74.4077 0.07764 -13.720 -1.001 1
74.7413 0.05799 -13.733 -0.559 1
75.0750 0.03339 -14.036 -0.015 1
75.4087 0.03314 -14.191 -1.463 1
75.7423 0.05631 -14.130 -1.427 1
76.0760 0.04831 -14.353 -1.322 1
76.4097 0.03775 -14.714 -1.522 1
76.7433 0.05231 -14.661 -1.928 1
77.0770 0.03316 -14.987 -0.571 1
77.4107 0.03237 -15.243 -1.207 1
77.7443 0.04499 -15.074 -1.865 1
78.0780 0.05532 -14.924 -1.497 1
78.4117 0.05260 -15.074 -1.626 1
78.7453 0.05171 -15.147 -1.948 1
79.0790 0.05054 -15.341 -1.790 1
79.4127 0.04307 -15.375 -2.221 1
79.7463 0.04267 -15.670 -2.312 1
80.0800 0.04960 -15.881 -2.734 1
80.4137 0.05661 -16.021 -2.811 1
80.7473 0.05918 -16.078 -4.364 1
81.0810 0.07903 -16.222 -3.899 1
81.4147 0.05206 -16.809 -3.700 1
81.7483 0.04163 -17.116 -3.403 1
82.0820 0.05340 -17.239 -3.332 1
82.4157 0.01900 -17.603 -2.612 1
82.7493 -0.01688 -17.804 -1.855 1
83.0830 -0.06585 -18.068 -1.857 1
83.4167 -0.06740 -18.058 -1.755 1
83.7503 -0.07858 -18.091 -2.069 1
84.0840 -0.07585 -17.985 -2.290 1
84.4177 -0.06676 -18.021 -1.047 1
84.7513 -0.06405 -18.050 -0.654 1
85.0850 -0.05589 -17.982 -0.609 1
85.4187 -0.03393 -17.828 0.336 1
85.7523 -0.05054 -17.872 1.272 1
86.0860 -0.06088 -17.946 1.608 1
86.4197 -0.04870 -17.926 1.487 1
86.7533 -0.06094 -17.787 0.831 1
87.0870 -0.04095 -17.469 1.132 1
87.4207 -0.04547 -17.548 1.396 1
87.7543 -0.04841 -17.645 1.038 1
88.0880 -0.03816 -17.853 1.041 1
88.4217 -0.03582 -17.905 0.304 1
88.7553 -0.01664 -17.851 0.092 1
89.0890 0.00041 -17.865 -0.544 1
89.4227 0.01124 -18.016 -1.032 1
89.7563 0.03208 -17.903 -1.417 1
90.0900 0.04293 -17.721 -1.766 1
90.4237 0.02119 -17.918 -1.314 1
90.7573 0.01999 -17.983 -1.460 1
91.0910 0.00536 -18.201 -1.321 1
91.4247 -0.02452 -18.412 -1.248 1
91.7583 -0.01498 -18.515 -1.632 1
92.0920 -0.00099 -18.284 -2.004 1
92.4257 -0.00834 -18.354 -1.729 1
92.7593 -0.00811 -18.310 -1.931 1
93.0930 0.00052 -18.125 -2.036 1
93.4267 -0.00976 -18.248 -2.035 1
93.7603 -0.02190 -18.262 -1.101 1
94.0940 -0.05006 -18.173 -0.569 1
94.4277 -0.04644 -17.836 -0.346 1
94.7613 -0.06684 -17.924 -0.099 1
95.0950 -0.07159 -18.119 -0.234 1
95.4287 -0.06825 -18.035 -0.628 1
95.7623 -0.08651 -18.092 -0.199 1
96.0960 -0.07377 -18.104 -0.380 1
96.4297 -0.07660 -18.104 0.231 1
96.7633 -0.09215 -18.418 0.501 1
97.0970 -0.09216 -18.245 0.066 1
97.4307 -0.07669 -18.068 0.124 1
97.7643 -0.06185 -18.065 0.394 1
98.0980 -0.07120 -18.348 0.129 1
98.4317 -0.10622 -18.629 0.586 1
98.7653 -0.11232 -18.503 0.469 1
99.0990 -0.13462 -18.403 0.407 1
99.4327 -0.13268 -18.473 0.583 1
99.7663 -0.13147 -18.467 0.148 1
100.1000 -0.13975 -18.562 -0.058 1
100.4337 -0.14134 -18.392 -0.397 1
100.7673 -0.12993 -18.225 -0.364 1
101.1010 -0.11996 -18.117 -0.668 1
101.4347 -0.10248 -17.860 -1.056 1
101.7683 -0.10670 -17.878 -1.024 1
102.1020 -0.09688 -17.788 -0.202 1
102.4357 -0.09480 -17.721 -0.201 1
102.7693 -0.08234 -17.596 -0.576 1
103.1030 -0.08174 -17.515 -1.010 1
103.4367 -0.08453 -17.442 -1.241 1
103.7703 -0.07189 -17.271 -0.848 1
104.1040 -0.05736 -17.199 -0.445 1
104.4377 -0.07044 -17.373 -0.548 1
104.7713 -0.05374 -17.240 -0.981 1
105.1050 -0.03913 -17.144 -1.268 1
105.4387 -0.04774 -17.330 -1.499 1
105.7723 -0.05052 -17.201 -1.779 1
106.1060 -0.03420 -16.869 -1.410 1
106.4397 -0.01571 -16.567 -2.249 1
106.7733 0.00372 -16.429 -2.756 1
107.1070 0.01784 -16.301 -2.353 1
107.4407 0.00622 -16.531 -2.410 1
107.7743 0.01206 -16.323 -2.307 1
108.1080 0.01798 -15.738 -3.110 1
108.4417 0.02344 -15.282 -2.879 1
108.7753 0.02749 -14.917 -2.622 1
109.1090 0.03202 -14.768 -1.817 1
109.4427 0.03049 -14.583 -1.569 1
109.7763 0.03545 -14.261 -1.739 1
110.1100 0.04743 -13.854 -2.321 1
110.4437 0.05777 -13.413 -3.192 1
110.7773 0.03632 -13.436 -2.078 1
111.1110 0.03096 -13.405 -2.517 1
111.4447 0.02991 -13.343 -3.187 1
111.7783 0.03207 -13.456 -2.607 1
112.1120 0.04608 -13.280 -2.871 1
112.4457 0.04132 -13.185 -2.697 1
112.7793 0.04699 -12.820 -2.724 1
113.1130 0.06104 -12.329 -3.234 1
113.4467 0.05317 -12.121 -2.398 1
113.7803 0.04346 -12.026 -2.485 1
114.1140 0.04226 -11.291 -3.400 1
114.4477 0.05209 -9.960 -4.666 1
114.7813 0.05164 -9.293 -5.415 1
115.1150 0.07637 -9.068 -5.611 1
115.4487 0.08109 -9.170 -5.910 1
115.7823 0.05433 -9.313 -5.116 1
116.1160 0.06124 -9.266 -5.581 1
116.4497 0.08017 -8.950 -6.162 1
116.7833 0.08629 -8.780 -6.065 1
117.1170 0.06651 -8.742 -6.076 1
117.4507 0.07318 -8.527 -5.624 1
117.7843 0.08299 -8.333 -5.963 1
118.1180 0.08635 -8.160 -5.904 1
118.4517 0.10042 -7.784 -6.255 1
118.7853 0.10775 -7.679 -6.481 1
119.1190 0.11339 -7.515 -6.309 1
119.4527 0.12380 -7.402 -6.121 1
119.7863 0.12710 -7.364 -6.382 1
120.1200 0.09451 -7.506 -6.197 1
120.4537 0.10490 -7.411 -6.223 1
120.7873 0.11712 -7.346 -6.277 1
121.1210 0.12500 -7.159 -6.555 1
121.4547 0.13068 -7.030 -6.564 1
121.7883 0.10924 -7.121 -5.948 1
122.1220 0.10045 -7.126 -6.053 1
122.4557 0.09695 -7.021 -5.790 1
122.7893 0.10313 -7.107 -5.163 1
123.1230 0.11791 -7.059 -4.533 1
123.4567 0.12474 -6.888 -4.396 1
123.7903 0.14106 -6.564 -3.809 1
124.1240 0.12752 -6.476 -3.875 1
124.4577 0.12001 -6.346 -3.749 1
124.7913 0.13557 -6.161 -3.963 1
125.1250 0.10199 -6.101 -3.766 1
125.4587 0.07971 -6.016 -3.887 1
125.7923 0.09365 -5.709 -3.656 1
126.1260 0.08614 -5.534 -2.994 1
126.4597 0.08768 -5.306 -3.250 1
126.7933 0.09880 -5.149 -3.100 1
127.1270 0.07328 -5.196 -2.759 1
127.4607 0.07602 -4.908 -2.829 1
127.7943 0.05958 -4.836 -2.855 1
128.1280 0.04864 -4.505 -2.369 1
128.4617 0.04101 -4.156 -2.070 1
128.7953 0.05400 -3.859 -1.798 1
129.1290 0.06684 -3.562 -1.990 1
129.4627 0.06143 -3.470 -1.855 1
129.7963 0.06883 -3.069 -2.251 1
130.1300 0.08419 -2.874 -2.378 1
130.4637 0.05863 -2.948 -2.058 1
130.7973 0.03994 -3.037 -2.162 1
131.1310 0.04183 -2.819 -2.045 1
131.4647 0.05186 -2.524 -1.929 1
131.7983 0.06751 -2.086 -1.964 1
132.1320 0.07182 -1.938 -2.185 1
132.4657 0.08544 -1.714 -2.599 1
132.7993 0.09113 -1.566 -2.791 1
133.1330 0.07953 -1.400 -2.810 1
133.4667 0.09082 -1.230 -3.054 1
133.8003 0.09245 -0.908 -3.404 1
134.1340 0.10767 -0.557 -3.475 1
134.4677 0.11497 -0.248 -4.015 1
134.8013 0.13170 -0.068 -4.214 1
135.1350 0.13333 0.002 -4.471 1
135.4687 0.14217 0.245 -3.877 1
135.8023 0.15784 0.734 -2.725 1
136.1360 0.16583 1.199 -2.561 1
136.4697 0.17099 1.626 -2.579 1
136.8033 0.18080 2.145 -2.841 1
137.1370 0.20970 2.606 -3.316 1
137.4707 0.22269 2.844 -3.578 1
137.8043 0.23742 3.218 -3.977 1
138.1380 0.20372 3.408 -3.021 1
138.4717 0.18783 3.565 -2.629 1
138.8053 0.17077 3.993 -2.495 1
139.1390 0.16952 4.294 -2.154 1
139.4727 0.18908 4.958 -2.413 1
139.8063 0.21413 5.463 -2.701 1
140.1400 0.22238 5.850 -3.214 1
140.4737 0.23545 6.352 -3.756 1
140.8073 0.24960 6.676 -3.966 1
141.1410 0.25155 6.955 -4.011 1
141.4747 0.24543 7.256 -4.209 1
141.8083 0.23918 7.681 -4.010 1
142.1420 0.22957 7.897 -3.006 1
142.4757 0.21718 8.212 -2.805 1
142.8093 0.21558 8.640 -2.485 1
143.1430 0.21758 8.648 -2.528 1
143.4767 0.23573 8.679 -2.323 1
143.8103 0.23519 8.655 -2.164 1
144.1440 0.21233 8.434 -1.759 1
144.4777 0.21135 8.362 -2.046 1
144.8113 0.20047 8.409 -2.811 1
145.1450 0.22479 8.514 -3.316 1
145.4787 0.23256 8.602 -3.384 1
145.8123 0.23998 9.044 -3.707 1
146.1460 0.24795 9.098 -3.971 1
146.4797 0.25654 9.084 -4.246 1
146.8133 0.26904 9.272 -4.710 1
147.1470 0.26818 9.370 -4.952 1
147.4807 0.27426 9.475 -5.057 1
147.8143 0.28807 9.728 -4.954 1
148.1480 0.29427 9.702 -3.804 1
148.4817 0.30007 9.490 -4.137 1
148.8153 0.29923 9.605 -4.345 1
149.1490 0.31237 9.692 -4.102 1
149.4827 0.32015 9.733 -4.495 1
149.8163 0.32459 9.763 -4.262 1
150.1500 0.31541 9.742 -4.537 1
150.4837 0.32690 9.739 -5.016 1
150.8173 0.33449 9.732 -4.681 1
151.1510 0.34631 10.020 -5.070 1
151.4847 0.35603 10.044 -5.365 1
151.8183 0.36650 10.165 -5.582 1
152.1520 0.38140 10.127 -6.094 1
152.4857 0.39129 10.295 -6.586 1
152.8193 0.34019 10.104 -6.422 1
153.1530 0.29047 9.833 -6.133 1
153.4867 0.27850 9.603 -6.179 1
153.8203 0.27949 9.539 -6.367 1
154.1540 0.29184 9.667 -6.727 1
154.4877 0.30085 9.698 -7.098 1
154.8213 0.30739 9.807 -7.355 1
155.1550 0.31111 9.991 -6.773 1
155.4887 0.30930 9.903 -7.055 1
155.8223 0.29516 9.748 -7.174 1
156.1560 0.31167 9.972 -7.437 1
156.4897 0.30165 9.891 -7.260 1
156.8233 0.30173 10.017 -6.971 1
157.1570 0.31001 10.115 -6.438 1
157.4907 0.31431 10.044 -6.425 1
157.8243 0.31341 10.149 -6.574 1
158.1580 0.33140 10.488 -6.985 1
158.4917 0.34971 10.790 -7.295 1
158.8253 0.35040 10.449 -6.502 1
159.1590 0.35734 10.236 -6.710 1
159.4927 0.36673 10.300 -7.097 1
159.8263 0.34300 10.246 -7.095 1
160.1600 0.32950 10.310 -6.885 1
160.4937 0.34052 10.436 -7.183 1
160.8273 0.34650 10.319 -7.054 1
161.1610 0.33632 9.994 -7.123 1
161.4947 0.34060 10.111 -7.269 1
161.8283 0.34748 10.205 -7.275 1
162.1620 0.35685 10.315 -7.234 1
162.4957 0.37419 10.534 -6.440 1
162.8293 0.37985 10.388 -6.094 1
163.1630 0.37858 10.143 -5.615 1
163.4967 0.37404 10.135 -5.214 1
163.8303 0.38852 10.365 -4.991 1
164.1640 0.40436 10.277 -5.218 1
164.4977 0.41513 10.249 -5.011 1
164.8313 0.41191 10.117 -4.897 1
165.1650 0.41179 10.227 -4.641 1
165.4987 0.39779 10.191 -4.494 1
165.8323 0.39042 10.002 -3.846 1
166.1660 0.39779 10.002 -4.288 1
166.4997 0.40087 10.084 -4.429 1
166.8333 0.36383 9.992 -4.387 1
167.1670 0.35817 9.983 -4.268 1
167.5007 0.35936 10.050 -4.532 1
167.8343 0.37352 10.285 -4.846 1
168.1680 0.38259 10.489 -4.200 1
168.5017 0.39842 10.401 -4.079 1
168.8353 0.40960 10.386 -4.661 1
169.1690 0.42017 10.556 -5.393 1
169.5027 0.43258 10.632 -5.489 1
169.8363 0.43058 10.585 -5.162 1
170.1700 0.43870 10.724 -5.275 1
170.5037 0.44194 10.832 -5.493 1
170.8373 0.44365 10.780 -5.349 1
171.1710 0.45033 10.813 -5.689 1
171.5047 0.45216 11.044 -5.935 1
171.8383 0.46465 11.328 -5.764 1
172.1720 0.47552 11.187 -5.630 1
172.5057 0.46653 11.038 -5.858 1
172.8393 0.45691 10.949 -6.101 1
173.1730 0.46438 11.316 -7.257 1
173.5067 0.44667 10.736 -8.465 1
173.8403 0.46049 9.752 -8.370 1
174.1740 0.47371 9.318 -8.579 1
174.5077 0.47260 8.878 -8.966 1
174.8413 0.47942 8.600 -9.819 1
175.1750 0.48470 8.449 -8.407 1
175.5087 0.49770 8.423 -7.716 1
175.8423 0.49062 8.754 -9.611 1
176.1760 0.49625 10.851 -11.787 1
176.5097 0.52750 12.265 -12.214 1
176.8433 0.54640 11.482 -11.773 1
177.1770 0.54777 9.664 -12.141 1
177.5107 0.55760 9.058 -13.436 1
177.8443 0.56738 8.404 -14.032 1
178.1780 0.55911 7.285 -13.150 1
178.5117 0.55978 6.340 -11.869 1
178.8453 0.55474 5.472 -12.115 1
179.1790 0.53143 5.306 -12.322 1
179.5127 0.49261 5.318 -12.833 1
179.8463 0.46485 6.107 -12.892 1
180.1800 0.47909 8.727 -13.750 1
180.5137 0.48452 10.500 -14.687 1
180.8473 0.47126 11.143 -14.643 1
181.1810 0.48229 10.797 -15.072 1
181.5147 0.50176 10.203 -15.550 1
181.8483 0.52982 9.207 -16.215 1
182.1820 0.56236 8.223 -16.750 1
182.5157 0.58640 6.676 -16.279 1
182.8493 0.60811 5.090 -16.232 1
183.1830 0.60799 3.625 -16.713 1
183.5167 0.64051 2.650 -17.953 1
183.8503 0.66157 1.150 -18.568 1
184.1840 0.64819 -0.208 -18.664 1
184.5177 0.61468 -1.538 -18.469 1
184.8513 0.58905 -2.685 -18.633 1
185.1850 0.59356 -3.387 -18.775 1
185.5187 0.59648 -4.184 -18.274 1
185.8523 0.60338 -4.440 -19.114 1
186.1860 0.54978 -4.802 -19.762 1
186.5197 0.58358 -3.989 -21.439 1
186.8533 0.56020 -3.635 -22.023 1
187.1870 0.58714 -3.380 -22.762 1
187.5207 0.60396 -3.265 -22.895 1
187.8543 0.61853 -3.652 -22.585 1
188.1880 0.64352 -5.137 -21.772 1
188.5217 0.64492 -6.494 -20.885 1
188.8553 0.62376 -8.240 -20.398 1
189.1890 0.59371 -9.582 -18.927 1
189.5227 0.53705 -10.322 -18.494 1
189.8563 0.54766 -10.270 -19.162 1
190.1900 0.53992 -10.268 -19.969 1
190.5237 0.56618 -10.362 -20.919 1
190.8573 0.54938 -11.496 -20.206 1
191.1910 0.52053 -12.542 -19.566 1
191.5247 0.50271 -13.116 -19.197 1
191.8583 0.44255 -13.795 -18.256 1
192.1920 0.39408 -14.060 -17.500 1
192.5257 0.36026 -14.416 -16.795 1
192.8593 0.29788 -15.046 -14.313 1
193.1930 0.26414 -15.598 -14.096 1
193.5267 0.23750 -16.028 -13.900 1
193.8603 0.24091 -16.350 -13.720 1
194.1940 0.21223 -16.701 -13.084 1
194.5277 0.20142 -16.871 -12.165 1
194.8613 0.18480 -17.139 -11.863 1
195.1950 0.17007 -17.284 -12.116 1
195.5287 0.19255 -17.355 -11.873 1
195.8623 0.18764 -17.488 -11.829 1
196.1960 0.19099 -17.733 -12.068 1
196.5297 0.20043 -17.823 -11.939 1
196.8633 0.20322 -17.922 -12.175 1
197.1970 0.20853 -18.127 -11.430 1
197.5307 0.19789 -18.186 -11.480 1
197.8643 0.19271 -18.439 -11.713 1
198.1980 0.18077 -18.416 -11.385 1
198.5317 0.19547 -18.459 -10.926 1
198.8653 0.15504 -18.773 -10.344 1
199.1990 0.14625 -18.869 -10.431 1
199.5327 0.11890 -19.081 -9.725 1
199.8663 0.05490 -19.570 -8.251 1
200.2000 0.05116 -19.424 -8.100 1
200.5337 0.06953 -19.259 -8.773 1
200.8673 0.08311 -19.272 -8.814 1
201.2010 0.08369 -19.247 -8.900 1
201.5347 0.07394 -19.286 -8.719 1
201.8683 0.07618 -19.140 -9.017 1
202.2020 0.07995 -19.068 -9.631 1
202.5357 0.09923 -19.145 -9.917 1
202.8693 0.11421 -19.161 -10.258 1
203.2030 0.10877 -19.144 -10.205 1
203.5367 0.09972 -19.124 -10.086 1
203.8703 0.10883 -18.952 -9.756 1
204.2040 0.11841 -18.821 -9.694 1
204.5377 0.13082 -18.709 -9.091 1
204.8713 0.13499 -18.785 -9.439 1
205.2050 0.14625 -18.010 -9.836 1
205.5387 0.17612 -16.973 -10.069 1
205.8723 0.19439 -16.847 -10.236 1
206.2060 0.19940 -17.247 -10.717 1
206.5397 0.21135 -16.859 -11.196 1
206.8733 0.23217 -15.922 -11.751 1
207.2070 0.24971 -15.034 -12.194 1
207.5407 0.25397 -14.291 -12.537 1
207.8743 0.25740 -14.274 -12.539 1
208.2080 0.26302 -14.204 -11.808 1
208.5417 0.26956 -13.879 -11.282 1
208.8753 0.28372 -12.875 -11.552 1
209.2090 0.32185 -11.133 -12.491 1
209.5427 0.34692 -9.039 -13.281 1
209.8763 0.37786 -6.823 -13.857 1
210.2100 0.40297 -5.698 -14.426 1
210.5437 0.41993 -5.407 -14.996 1
210.8773 0.43949 -5.966 -15.503 1
211.2110 0.45860 -6.612 -15.954 1
211.5447 0.46054 -7.708 -16.250 1
211.8783 0.42970 -9.156 -15.914 1
212.2120 0.40619 -10.586 -15.794 1
212.5457 0.34877 -12.213 -15.261 1
212.8793 0.32158 -13.406 -15.269 1
213.2130 0.33339 -14.076 -15.645 1
213.5467 0.30003 -14.859 -14.840 1
213.8803 0.28184 -15.379 -14.513 1
214.2140 0.28048 -15.731 -13.954 1
214.5477 0.27109 -16.031 -12.636 1
214.8813 0.24811 -16.533 -12.539 1
215.2150 0.25313 -16.832 -12.156 1
215.5487 0.23892 -17.207 -11.755 1
215.8823 0.25182 -17.403 -10.733 1
216.2160 0.25503 -17.629 -10.816 1
216.5497 0.20635 -18.008 -9.317 1
216.8833 0.18432 -18.337 -7.866 1
217.2170 0.19832 -18.660 -7.916 1
217.5507 0.19875 -18.895 -7.721 1
217.8843 0.18356 -19.154 -7.757 1
218.2180 0.19683 -19.229 -8.230 1
218.5517 0.20289 -19.513 -8.825 1
218.8853 0.21046 -19.466 -9.224 1
219.2190 0.17666 -19.857 -8.509 1
219.5527 0.13397 -20.171 -6.717 1
219.8863 0.13711 -20.244 -6.829 1
220.2200 0.15098 -20.315 -6.958 1
220.5537 0.15742 -20.349 -6.900 1
220.8873 0.16618 -20.516 -7.071 1
221.2210 0.18268 -20.586 -7.411 1
221.5547 0.16563 -20.771 -7.544 1
221.8883 0.13766 -21.108 -7.456 1
222.2220 0.09647 -21.517 -7.163 1
222.5557 0.09686 -21.652 -6.596 1
222.8893 0.09727 -21.689 -6.636 1
223.2230 0.11377 -21.823 -7.006 1
223.5567 0.11919 -22.020 -6.951 1
223.8903 0.13400 -22.094 -6.665 1
224.2240 0.14244 -21.946 -6.926 1
224.5577 0.15442 -21.862 -7.174 1
224.8913 0.14828 -21.856 -6.921 1
225.2250 0.13774 -22.072 -6.141 1
225.5587 0.08347 -22.430 -5.317 1
225.8923 0.07547 -22.502 -4.977 1
226.2260 0.06079 -22.637 -4.861 1
226.5597 0.05346 -22.698 -5.080 1
226.8933 0.03328 -22.925 -5.145 1
227.2270 0.01025 -22.871 -5.074 1
227.5607 0.00059 -22.978 -4.967 1
227.8943 -0.01732 -23.011 -4.810 1
228.2280 -0.00329 -22.997 -5.046 1
228.5617 -0.00837 -23.068 -5.223 1
228.8953 -0.03460 -23.118 -5.217 1
229.2290 -0.05421 -23.210 -5.289 1
229.5627 -0.04510 -23.188 -5.620 1
229.8963 -0.05423 -23.211 -5.183 1
230.2300 -0.05784 -23.241 -5.420 1
230.5637 -0.03974 -22.893 -6.095 1
230.8973 -0.00197 -22.515 -7.295 1
231.2310 0.02325 -22.644 -8.262 1
231.5647 0.01639 -22.755 -8.216 1
231.8983 -0.00298 -22.949 -8.391 1
232.2320 0.00372 -22.878 -8.852 1
232.5657 0.01023 -22.530 -8.869 1
232.8993 0.01053 -22.398 -7.646 1
233.2330 -0.01004 -22.318 -6.530 1
233.5667 -0.02238 -22.442 -6.208 1
233.9003 -0.01846 -22.435 -6.455 1
234.2340 -0.02383 -22.456 -6.305 1
234.5677 -0.05603 -22.598 -5.816 1
234.9013 -0.04901 -22.607 -5.904 1
235.2350 -0.07777 -22.819 -4.938 1
235.5687 -0.07785 -22.854 -5.242 1
235.9023 -0.06327 -22.734 -5.554 1
236.2360 -0.05742 -22.566 -5.895 1
236.5697 -0.08148 -22.821 -5.322 1
236.9033 -0.09255 -23.156 -4.867 1
237.2370 -0.08361 -22.919 -4.754 1
237.5707 -0.12018 -23.090 -4.220 1
237.9043 -0.13421 -23.286 -4.087 1
238.2380 -0.13363 -22.872 -3.036 1
238.5717 -0.12884 -22.786 -3.511 1
238.9053 -0.14308 -22.922 -3.706 1
239.2390 -0.13134 -22.549 -3.464 1
239.5727 -0.16253 -23.025 -2.991 1
239.9063 -0.25549 -25.596 -2.599 1
240.2400 -0.44365 -32.185 -2.253 1
240.5737 -0.64847 -41.276 -1.751 1
240.9073 -0.67509 -42.291 -1.886 1
241.2410 -0.67517 -44.102 -2.238 1
241.5747 -0.67319 -43.652 -2.634 1
241.9083 -0.72657 -47.873 -3.098 1
242.2420 -0.75422 -47.811 -3.218 1
242.5757 -0.80312 -50.250 -3.187 1
242.9093 -0.84904 -53.074 -3.264 1
243.2430 -0.85832 -51.080 -3.532 1
243.5767 -0.88392 -55.256 -3.991 1
243.9103 -0.88594 -56.902 -4.215 1
244.2440 -0.90855 -56.152 -4.230 1
244.5777 -0.89695 -56.876 -4.811 1
244.9113 -0.91120 -59.356 -5.316 1
245.2450 -0.94890 -59.619 -3.404 1
245.5787 -1.01058 -60.495 -2.896 1
245.9123 -1.09971 -61.572 -1.803 1
246.2460 -1.15950 -60.761 -1.167 1
246.5797 -1.24562 -61.613 -0.844 1
246.9133 -1.32667 -61.580 -0.669 1
247.2470 -1.43069 -62.508 0.806 1
247.5807 -1.45981 -63.452 1.120 1
247.9143 -1.55458 -64.268 1.361 1
248.2480 -1.62543 -65.312 2.193 1
248.5817 -1.61995 -65.431 2.278 1
248.9153 -1.70179 -66.860 2.548 1
249.2490 -1.76279 -67.494 4.330 1
249.5827 -1.81412 -68.619 4.307 1
249.9163 -1.85500 -68.861 4.943 1
250.2500 -1.96990 -70.486 6.713 1
250.5837 -2.00036 -71.147 7.358 1
250.9173 -2.04322 -72.505 7.489 1
251.2510 -2.11890 -72.398 8.397 1
251.5847 -2.15384 -73.657 8.080 1
251.9183 -2.16958 -73.709 7.898 1
252.2520 -2.18383 -73.905 7.959 1
252.5857 -2.20137 -75.294 7.391 1
252.9193 -2.21797 -74.404 7.273 1
253.2530 -2.24545 -75.187 7.296 1
253.5867 -2.27105 -75.618 7.150 1
253.9203 -2.28278 -76.007 6.942 1
254.2540 -2.28718 -76.000 6.698 1
254.5877 -2.29950 -76.402 6.629 1
254.9213 -2.33433 -76.951 7.051 1
255.2550 -2.35095 -76.812 6.822 1
255.5887 -2.35211 -76.956 6.507 1
255.9223 -2.33317 -76.401 6.011 1
256.2560 -2.35601 -76.185 5.732 1
256.5897 -2.36101 -76.249 5.469 1
256.9233 -2.36560 -76.565 5.071 1
257.2570 -2.35546 -75.685 4.896 1
257.5907 -2.39026 -75.972 5.050 1
257.9243 -2.41293 -75.754 5.470 1
258.2580 -2.46615 -76.271 6.363 1
258.5917 -2.46493 -75.722 6.085 1
258.9253 -2.43117 -74.749 5.651 1
259.2590 -2.40377 -73.800 5.461 1
259.5927 -2.44303 -73.458 5.749 1
259.9263 -2.43787 -73.173 6.018 1
260.2600 -2.48302 -73.562 6.600 1
260.5937 -2.46100 -72.156 6.586 1
260.9273 -2.44401 -71.903 6.595 1
261.2610 -2.39755 -70.564 6.276 1
261.5947 -2.37522 -69.064 6.090 1
261.9283 -2.32480 -67.944 5.687 1
262.2620 -2.28355 -66.190 5.211 1
262.5957 -2.23056 -64.371 4.787 1
262.9293 -2.15458 -62.689 4.184 1
263.2630 -2.05306 -60.174 3.490 1
263.5967 -1.92622 -57.570 2.668 1
263.9303 -1.85471 -55.975 2.429 1
264.2640 -1.73698 -53.262 1.592 1
264.5977 -1.62104 -50.592 1.570 1
264.9313 -1.52982 -47.933 0.809 1
265.2650 -1.38246 -43.747 -0.076 1
265.5987 -1.21485 -40.326 -1.298 1
265.9323 -1.05859 -36.536 -2.256 1
266.2660 -0.90490 -32.661 -2.652 1
266.5997 -0.77767 -29.559 -3.476 1
266.9333 -0.58928 -24.434 -4.572 1
267.2670 -0.46774 -21.024 -5.141 1
267.6007 -0.05118 -11.177 -7.741 1
267.9343 -0.22620 -14.552 -6.721 1
268.2680 -0.14154 -11.780 -6.327 1
268.6017 -0.09498 -10.038 -6.783 1
268.9353 -0.06423 -9.289 -6.222 1
269.2690 -0.03460 -8.631 -6.714 1
269.6027 -0.01356 -8.189 -6.456 1
269.9363 0.00243 -8.165 -6.271 1
270.2700 0.03740 -7.840 -6.833 1
270.6037 0.06761 -7.751 -6.991 1
270.9373 0.07547 -7.685 -7.173 1
271.2710 0.08736 -7.340 -7.286 1
271.6047 0.10242 -7.039 -7.463 1
271.9383 0.11759 -7.268 -8.179 1
272.2720 0.13770 -7.137 -8.756 1
272.6057 0.09990 -7.348 -8.745 1
272.9393 0.09966 -7.210 -8.708 1
273.2730 0.10841 -6.969 -9.110 1
273.6067 0.07625 -6.912 -8.301 1
273.9403 0.07169 -6.819 -8.006 1
274.2740 0.06196 -6.743 -7.454 1
274.6077 0.08300 -6.639 -7.396 1
274.9413 0.06378 -6.664 -7.134 1
275.2750 0.03497 -6.695 -6.079 1
275.6087 0.03277 -6.577 -5.771 1
275.9423 -0.00290 -6.629 -5.005 1
276.2760 -0.01112 -6.630 -4.914 1
276.6097 0.00883 -6.476 -4.626 1
276.9433 0.02686 -6.189 -4.620 1
277.2770 0.03993 -6.031 -4.851 1
277.6107 0.05854 -5.889 -5.400 1
277.9443 0.01618 -6.028 -5.270 1
278.2780 0.02780 -6.150 -5.727 1
278.6117 0.00477 -6.178 -5.786 1
278.9453 0.02531 -5.966 -6.259 1
279.2790 0.01410 -5.866 -5.658 1
279.6127 0.02468 -5.582 -5.678 1
279.9463 0.02333 -5.516 -5.572 1
280.2800 0.00851 -5.478 -5.387 1
280.6137 0.01597 -5.361 -5.633 1
280.9473 0.03157 -5.223 -6.046 1
281.2810 0.05198 -4.997 -6.200 1
281.6147 0.06465 -4.845 -6.274 1
281.9483 0.10698 -4.557 -6.770 1
282.2820 0.09344 -4.728 -6.523 1
282.6157 0.09002 -4.561 -6.488 1
282.9493 0.10621 -4.135 -5.454 1
283.2830 0.11784 -3.994 -5.065 1
283.6167 0.11979 -3.732 -4.758 1
283.9503 0.14724 -3.653 -5.245 1
284.2840 0.15860 -3.441 -5.506 1
284.6177 0.16285 -3.269 -4.619 1
284.9513 0.17520 -3.091 -4.400 1
285.2850 0.17059 -2.923 -4.039 1
285.6187 0.17527 -2.718 -3.915 1
285.9523 0.19920 -2.297 -4.398 1
286.2860 0.21192 -2.055 -4.817 1
286.6197 0.22597 -1.861 -5.233 1
286.9533 0.20314 -1.914 -5.166 1
287.2870 0.20712 -1.816 -5.327 1
287.6207 0.18515 -1.784 -4.378 1
287.9543 0.20001 -1.722 -4.582 1
288.2880 0.19827 -1.858 -4.671 1
288.6217 0.19703 -1.908 -4.620 1
288.9553 0.21461 -1.942 -4.789 1
289.2890 0.22015 -1.966 -5.074 1
289.6227 0.24601 -2.037 -5.546 1
289.9563 0.26527 -2.101 -5.772 1
290.2900 0.25511 -2.177 -4.414 1
290.6237 0.28419 -1.822 -4.624 1
290.9573 0.29613 -1.892 -4.870 1
291.2910 0.32388 -1.690 -5.366 1
291.6247 0.32840 -1.618 -5.296 1
291.9583 0.30341 -1.630 -4.786 1
292.2920 0.32346 -1.259 -4.846 1
292.6257 0.33531 -0.981 -4.389 1
292.9593 0.32735 -0.783 -4.500 1
293.2930 0.33932 -0.452 -4.883 1
293.6267 0.36827 -0.146 -5.364 1
293.9603 0.35504 -0.511 -5.666 1
294.2940 0.39412 -0.075 -6.167 1
294.6277 0.40799 -0.048 -6.572 1
294.9613 0.42666 0.073 -7.046 1
295.2950 0.38281 -0.409 -7.009 1
295.6287 0.40116 -0.003 -7.477 1
295.9623 0.39761 0.180 -7.784 1
296.2960 0.43161 0.434 -7.940 1
296.6297 0.45393 0.465 -8.519 1
296.9633 0.48410 0.937 -9.059 1
297.2970 0.51661 1.275 -9.358 1
297.6307 0.52154 1.261 -9.137 1
297.9643 0.55851 1.749 -9.907 1
298.2980 0.54588 1.871 -9.914 1
298.6317 0.52903 1.923 -9.246 1
298.9653 0.55373 2.400 -9.510 1
299.2990 0.55773 2.576 -9.732 1
299.6327 0.61113 3.299 -10.124 1
299.9663 0.65297 3.862 -10.229 1
300.3000 0.64237 3.770 -10.522 1
300.6337 0.66183 4.329 -11.125 1
300.9673 0.65014 4.473 -10.018 1
301.3010 0.62137 4.292 -9.917 1
301.6347 0.64718 4.760 -10.468 1
301.9683 0.66965 5.232 -10.635 1
302.3020 0.67245 5.470 -10.180 1
302.6357 0.70604 5.922 -10.905 1
302.9693 0.74875 6.393 -11.630 1
303.3030 0.76694 6.578 -12.182 1
303.6367 0.79404 6.886 -12.705 1
303.9703 0.81002 6.976 -12.764 1
304.3040 0.83417 7.215 -13.163 1
304.6377 0.84970 7.694 -13.204 1
304.9713 0.88023 8.101 -13.603 1
305.3050 0.89491 8.325 -12.923 1
305.6387 0.91161 8.576 -12.614 1
305.9723 0.93241 8.769 -12.691 1
306.3060 0.96575 8.909 -12.359 1
306.6397 0.95723 8.873 -11.633 1
306.9733 0.99428 8.994 -12.108 1
307.3070 1.03063 9.238 -12.844 1
307.6407 1.01438 9.175 -12.783 1
307.9743 0.97735 9.111 -12.491 1
308.3080 1.02800 9.175 -12.928 1
308.6417 1.07688 9.431 -13.741 1
308.9753 1.13885 9.676 -14.690 1
309.3090 1.17344 9.831 -15.495 1
309.6427 1.18946 10.084 -15.847 1
309.9763 1.22943 10.206 -16.398 1
310.3100 1.28499 10.483 -17.112 1
310.6437 1.30095 10.365 -16.472 1
310.9773 1.31323 10.609 -16.884 1
311.3110 1.33645 10.751 -17.360 1
311.6447 1.37077 11.084 -17.918 1
311.9783 1.42134 11.436 -18.648 1
312.3120 1.45013 11.739 -18.862 1
312.6457 1.44661 11.929 -19.098 1
312.9793 1.47852 12.184 -19.445 1
313.3130 1.48622 12.463 -19.581 1
313.6467 1.53549 13.125 -20.404 1
313.9803 1.57040 13.413 -21.183 1
314.3140 1.58845 13.540 -21.702 1
314.6477 1.62262 13.915 -22.171 1
314.9813 1.65167 14.345 -22.802 1
315.3150 1.67923 14.474 -22.925 1
315.6487 1.67437 14.466 -22.803 1
315.9823 1.69860 14.864 -22.941 1
316.3160 1.74245 15.209 -23.448 1
316.6497 1.77133 15.500 -23.550 1
316.9833 1.77380 15.619 -23.209 1
317.3170 1.77780 15.724 -23.354 1
317.6507 1.80268 15.904 -23.567 1
317.9843 1.77700 15.656 -22.484 1
318.3180 1.80657 15.740 -22.235 1
318.6517 1.79109 15.725 -21.098 1
318.9853 1.81271 15.562 -20.595 1
319.3190 1.84708 15.930 -20.833 1
319.6527 1.88797 16.185 -21.325 1
319.9863 1.92130 16.500 -21.989 1
320.3200 1.94827 16.729 -22.619 1
320.6537 1.95768 16.872 -22.617 1
320.9873 1.95008 16.826 -22.501 1
321.3210 2.00038 16.958 -23.063 1
321.6547 1.99085 16.806 -22.712 1
321.9883 1.98802 16.545 -22.816 1
322.3220 2.05356 16.285 -24.094 1
322.6557 2.09136 16.425 -24.777 1
322.9893 2.12922 16.516 -24.941 1
323.3230 2.16614 16.713 -25.433 1
323.6567 2.17527 15.747 -24.781 1
323.9903 2.22301 16.304 -25.590 1
324.3240 2.25758 16.381 -26.412 1
324.6577 2.27195 16.691 -26.431 1
324.9913 2.27527 16.522 -26.462 1
325.3250 2.29403 16.773 -26.972 1
325.6587 2.31597 16.564 -27.106 1
325.9923 2.33007 16.932 -27.276 1
326.3260 2.34662 16.621 -27.317 1
326.6597 2.35837 16.136 -26.614 1
326.9933 2.37532 16.222 -26.794 1
327.3270 2.39677 16.636 -27.060 1
327.6607 2.40406 17.140 -27.420 1
327.9943 2.43380 17.174 -28.166 1
328.3280 2.45800 17.536 -28.758 1
328.6617 2.50802 17.387 -29.542 1
328.9953 2.51584 18.144 -29.950 1
329.3290 2.52705 18.477 -30.167 1
329.6627 2.54822 18.018 -30.833 1
329.9963 2.63231 17.576 -32.456 1
330.3300 2.71741 17.890 -33.841 1
330.6637 2.77383 18.239 -34.284 1
330.9973 2.85732 18.962 -35.566 1
331.3310 2.90553 19.504 -36.545 1
331.6647 2.94190 20.192 -37.248 1
331.9983 3.05141 20.921 -39.027 1
332.3320 3.03875 21.696 -38.909 1
332.6657 3.14794 23.711 -40.257 1
332.9993 3.14122 25.860 -39.998 1
333.3330 3.18095 26.784 -40.757 1
333.6667 3.15751 26.918 -39.465 1
334.0003 3.21044 27.366 -40.033 1
334.3340 3.29660 27.927 -41.110 1
334.6677 3.32471 28.234 -41.248 1
335.0013 3.37864 28.713 -41.704 1
335.3350 3.45754 29.190 -42.713 1
335.6687 3.48601 29.461 -43.340 1
336.0023 3.53495 29.956 -43.953 1
336.3360 3.54446 30.013 -43.296 1
336.6697 3.57583 30.089 -44.053 1
337.0033 3.61853 30.401 -44.777 1
337.3370 3.64123 30.638 -45.116 1
337.6707 3.66068 30.937 -45.494 1
338.0043 3.70579 31.241 -46.163 1
338.3380 3.71021 31.192 -46.147 1
338.6717 3.72364 31.049 -46.037 1
339.0053 3.76065 30.832 -46.607 1
339.3390 3.76461 31.015 -46.717 1
339.6727 3.78922 31.289 -47.193 1
340.0063 3.76063 30.929 -46.691 1
340.3400 3.85675 31.644 -48.292 1
340.6737 3.89267 32.153 -49.000 1
341.0073 3.88631 32.353 -49.299 1
341.3410 3.90059 32.634 -49.614 1
341.6747 3.91888 32.905 -50.036 1
342.0083 3.92857 33.401 -50.314 1
342.3420 3.99362 33.927 -51.349 1
342.6757 4.04196 34.712 -52.202 1
343.0093 4.06448 35.083 -52.777 1
343.3430 4.07392 35.427 -53.253 1
343.6767 4.12072 36.500 -53.856 1
344.0103 4.15182 37.619 -53.380 1
344.3440 4.17499 38.573 -53.402 1
344.6777 4.20552 39.032 -53.960 1
345.0113 4.23406 39.392 -54.641 1
345.3450 4.26889 39.618 -54.503 1
345.6787 4.30800 39.738 -55.081 1
346.0123 4.37260 40.248 -55.956 1
346.3460 4.41177 40.765 -56.605 1
346.6797 4.45542 41.518 -57.529 1
347.0133 4.46102 41.868 -57.815 1
347.3470 4.50900 42.550 -57.980 1
347.6807 4.52193 42.985 -57.775 1
348.0143 4.57955 43.586 -58.557 1
348.3480 4.60925 44.212 -58.043 1
348.6817 4.67640 44.934 -58.540 1
349.0153 4.71853 45.407 -58.980 1
349.3490 4.74456 45.728 -58.928 1
349.6827 4.81161 46.625 -59.681 1
350.0163 4.88538 47.453 -60.681 1
350.3500 4.94432 48.111 -61.503 1
350.6837 4.99112 47.695 -62.478 1
351.0173 5.02255 47.018 -63.306 1
351.3510 5.07728 47.631 -64.123 1
351.6847 5.11539 48.100 -64.489 1
352.0183 5.13710 48.416 -64.821 1
352.3520 5.14947 48.797 -64.776 1
352.6857 5.16959 49.122 -65.281 1
353.0193 5.19230 49.614 -65.652 1
353.3530 5.18885 49.890 -64.274 1
353.6867 5.17097 50.049 -63.637 1
354.0203 5.14443 50.162 -63.216 1
354.3540 5.20116 50.977 -63.508 1
354.6877 5.21492 51.321 -63.320 1
355.0213 5.17585 51.419 -62.437 1
355.3550 5.28169 52.428 -63.206 1
355.6887 5.33232 53.270 -63.972 1
356.0223 5.33735 53.839 -63.949 1
356.3560 5.36231 54.585 -63.935 1
356.6897 5.35138 55.156 -63.635 1
357.0233 5.38963 56.282 -63.524 1
357.3570 5.45169 57.316 -64.323 1
357.6907 5.50550 58.113 -64.907 1
358.0243 5.47114 58.842 -63.667 1
358.3580 5.47582 58.719 -63.835 1
358.6917 5.54547 59.627 -64.309 1
359.0253 5.54037 60.290 -63.691 1
359.3590 5.53567 61.024 -62.456 1
359.6927 5.54430 61.988 -61.538 1
360.0263 5.56022 62.820 -61.533 1
360.3600 5.60438 63.851 -62.174 1
360.6937 5.66706 65.357 -62.799 1
361.0273 5.67993 66.783 -62.238 1
361.3610 5.69905 67.764 -62.180 1
361.6947 5.71074 69.136 -61.803 1
362.0283 5.77614 70.282 -62.335 1
362.3620 5.83355 70.651 -62.195 1
362.6957 5.89463 72.101 -62.790 1
363.0293 5.89710 72.695 -62.417 1
363.3630 5.93357 74.289 -62.745 1
363.6967 5.96520 75.185 -62.750 1
364.0303 5.97862 76.207 -62.517 1
364.3640 5.98908 77.066 -62.372 1
364.6977 6.03535 78.514 -62.662 1
365.0313 6.11124 79.159 -63.715 1
365.3650 6.18053 80.510 -64.472 1
365.6987 6.20692 81.199 -64.877 1
366.0323 6.19597 82.359 -64.906 1
366.3660 6.22131 83.498 -65.260 1
366.6997 6.26516 84.940 -65.919 1
367.0333 6.28583 86.373 -66.062 1
367.3670 6.31236 87.552 -66.527 1
367.7007 6.31654 89.072 -66.542 1
368.0343 6.36782 90.823 -67.085 1
368.3680 6.40093 92.220 -67.518 1
368.7017 6.42490 93.759 -66.854 1
369.0353 6.41045 95.743 -66.204 1
369.3690 6.43188 96.981 -66.392 1
369.7027 6.38301 98.520 -65.763 1
370.0363 6.34890 100.301 -65.363 1
370.3700 6.31584 101.786 -64.637 1
370.7037 6.24112 103.537 -63.960 1
371.0373 6.11644 103.964 -62.711 1
371.3710 6.02548 104.135 -61.790 1
371.7047 5.93189 104.996 -60.249 1
372.0383 5.78617 106.494 -57.763 1
372.3720 5.63889 106.609 -56.018 1
372.7057 5.51931 107.318 -53.455 1
373.0393 5.37185 107.669 -51.995 1
373.3730 5.27394 107.743 -51.204 1
373.7067 5.15522 107.645 -50.253 1
374.0403 5.07324 108.119 -49.314 1
374.3740 4.95199 108.126 -47.988 1
374.7077 4.86387 108.266 -47.035 1
375.0413 4.77974 107.732 -46.521 1
375.3750 4.67298 108.050 -45.430 1
375.7087 4.53015 108.224 -43.336 1
376.0423 4.43449 107.606 -42.657 1
376.3760 4.27165 107.792 -41.061 1
376.7097 4.13546 107.248 -39.495 1
377.0433 3.98357 106.802 -38.085 1
377.3770 3.90124 106.289 -37.301 1
377.7107 3.79643 105.751 -36.479 1
378.0443 3.68491 106.085 -35.321 1
378.3780 3.61663 105.091 -34.932 1
378.7117 3.56290 104.174 -34.693 1
379.0453 3.42628 105.966 -32.430 1
379.3790 3.35099 105.781 -31.932 1
379.7127 3.29383 105.118 -31.181 1
380.0463 3.20437 105.249 -30.524 1
380.3800 3.15756 104.385 -30.348 1
380.7137 3.08879 104.269 -29.991 1
381.0473 3.03634 103.526 -29.766 1
381.3810 2.97889 102.899 -29.593 1
381.7147 2.90485 102.218 -29.053 1
382.0483 2.86141 101.753 -28.950 1
382.3820 2.82179 100.614 -28.902 1
382.7157 2.77374 100.455 -28.804 1
383.0493 2.69925 99.486 -28.554 1
383.3830 2.63071 99.426 -27.697 1
383.7167 2.59647 98.842 -26.484 1
384.0503 2.50639 99.111 -25.503 1
384.3840 2.45393 98.190 -24.646 1
384.7177 2.38226 97.970 -23.897 1
385.0513 2.35905 97.300 -24.040 1
385.3850 2.32167 96.269 -23.978 1
385.7187 2.27262 96.473 -22.996 1
386.0523 2.19439 95.763 -21.717 1
386.3860 2.16171 95.417 -21.703 1
386.7197 2.12135 94.984 -20.925 1
387.0533 2.09916 94.293 -20.125 1
387.3870 2.01521 94.415 -18.694 1
387.7207 1.94416 94.092 -17.616 1
388.0543 1.89204 94.434 -15.821 1
388.3880 1.86073 94.022 -14.621 1
388.7217 1.80852 93.041 -13.408 1
389.0553 1.78401 92.301 -12.778 1
389.3890 1.74310 92.353 -12.626 1
389.7227 1.70051 93.519 -12.158 1
390.0563 1.67489 92.810 -12.102 1
390.3900 1.64435 92.258 -11.805 1
390.7237 1.59922 91.964 -11.683 1
391.0573 1.59488 91.136 -12.038 1
391.3910 1.55466 90.868 -11.840 1
391.7247 1.53201 90.774 -11.891 1
392.0583 1.46785 90.546 -11.282 1
392.3920 1.45131 90.824 -11.264 1
392.7257 1.40720 90.446 -11.194 1
393.0593 1.39560 90.525 -11.246 1
393.3930 1.39410 89.197 -11.518 1
393.7267 1.37500 89.266 -10.796 1
394.0603 1.34012 89.432 -10.796 1
394.3940 1.34425 88.338 -11.098 1
394.7277 1.31408 87.629 -11.131 1
395.0613 1.28159 87.436 -11.135 1
395.3950 1.28368 86.501 -11.397 1
395.7287 1.29047 82.966 -11.688 1
396.0623 1.26993 83.403 -11.419 1
396.3960 1.25493 82.754 -11.283 1
396.7297 1.23033 81.956 -10.294 1
397.0633 1.21160 81.783 -9.865 1
397.3970 1.20134 82.223 -9.402 1
397.7307 1.18426 78.002 -9.159 1
398.0643 1.18961 76.874 -9.375 1
398.3980 1.17729 76.645 -9.671 1
398.7317 1.16966 76.740 -9.968 1
399.0653 1.14519 75.484 -9.796 1
399.3990 1.16030 71.904 -9.882 1
399.7327 1.14705 71.978 -9.408 1
400.0663 1.14788 71.925 -9.670 1
400.4000 1.14370 71.054 -9.772 1
400.7337 1.13630 70.794 -9.547 1
401.0673 1.13968 70.970 -9.133 1
401.4010 1.09827 68.397 -9.019 1
401.7347 1.10327 67.416 -9.367 1
402.0683 1.08772 67.349 -9.560 1
402.4020 1.10670 65.769 -10.137 1
402.7357 1.11581 65.547 -10.541 1
403.0693 1.14022 62.271 -10.923 1
403.4030 1.13624 62.255 -10.839 1
403.7367 1.12529 62.348 -10.220 1
404.0703 1.10868 62.671 -10.254 1
404.4040 1.10720 61.567 -10.263 1
404.7377 1.11162 58.331 -9.881 1
405.0713 1.10173 57.763 -10.003 1
405.4050 1.09835 56.674 -9.861 1
405.7387 1.05745 54.439 -9.810 1
406.0723 1.01721 57.323 -9.668 1
406.4060 0.99692 57.401 -9.670 1
406.7397 1.00021 56.298 -9.966 1
407.0733 0.99434 55.900 -9.963 1
407.4070 0.99557 55.511 -10.281 1
407.7407 0.97186 54.758 -10.544 1
408.0743 0.96568 53.465 -10.820 1
408.4080 0.95663 52.271 -10.942 1
408.7417 0.95217 47.113 -11.072 1
409.0753 0.93597 47.010 -10.687 1
409.4090 0.94327 43.195 -10.935 1
409.7427 0.92600 47.568 -10.991 1
410.0763 0.91376 46.700 -11.326 1
410.4100 0.90977 45.234 -11.553 1
410.7437 0.91083 46.726 -11.216 1
411.0773 0.90658 46.603 -11.129 1
411.4110 0.91279 45.456 -10.995 1
411.7447 0.91712 41.227 -11.211 1
412.0783 0.88938 40.901 -11.367 1
412.4120 0.89813 40.386 -11.719 1
412.7457 0.87544 39.271 -11.828 1
413.0793 0.88564 38.478 -11.192 1
413.4130 0.88257 38.566 -11.017 1
413.7467 0.87542 37.873 -11.052 1
414.0803 0.86791 37.506 -10.577 1
414.4140 0.85733 36.464 -10.282 1
414.7477 0.66399 25.113 -8.254 1
415.0813 0.64366 25.162 -7.837 1
415.4150 0.66141 26.367 -7.995 1
415.7487 0.63577 25.937 -7.910 1
416.0823 0.60617 25.354 -7.407 1
416.4160 0.60820 25.739 -7.260 1
416.7497 0.61247 25.831 -7.435 1
417.0833 0.60604 26.168 -7.733 1
417.4170 0.58957 25.970 -7.882 1
417.7507 0.55159 25.726 -7.481 1
418.0843 0.49226 25.068 -7.049 1
418.4180 0.47109 24.572 -6.911 1
418.7517 0.45575 24.226 -6.891 1
419.0853 0.47364 24.154 -6.854 1
419.4190 0.51366 24.475 -7.078 1
419.7527 0.49747 24.469 -7.257 1
420.0863 0.48525 24.234 -7.487 1
420.4200 0.49160 24.182 -7.058 1
420.7537 0.45969 23.769 -6.654 1
421.0873 0.45499 23.683 -6.319 1
421.4210 0.46247 23.471 -6.556 1
421.7547 0.45655 23.240 -6.784 1
422.0883 0.46968 23.307 -6.790 1
422.4220 0.46844 23.126 -7.029 1
422.7557 0.48070 23.248 -7.457 1
423.0893 0.48350 23.328 -7.807 1
423.4230 0.49525 23.315 -8.226 1
423.7567 0.47992 23.089 -8.396 1
424.0903 0.49663 23.101 -8.720 1
424.4240 0.49258 22.915 -8.597 1
424.7577 0.46285 22.861 -7.956 1
425.0913 0.46246 22.881 -7.972 1
425.4250 0.46894 22.882 -8.204 1
425.7587 0.48221 23.185 -7.888 1
426.0923 0.49469 23.410 -7.282 1
426.4260 0.48121 23.548 -7.042 1
426.7597 0.47710 23.597 -6.980 1
427.0933 0.44948 23.517 -6.150 1
427.4270 0.42993 23.561 -5.796 1
427.7607 0.42908 23.622 -5.852 1
428.0943 0.43785 23.597 -6.117 1
428.4280 0.43161 23.675 -5.964 1
428.7617 0.44102 24.123 -6.229 1
429.0953 0.45600 24.236 -6.672 1
429.4290 0.45285 24.363 -6.339 1
429.7627 0.44635 24.438 -6.424 1
430.0963 0.44962 24.286 -6.814 1
430.4300 0.44318 24.314 -6.430 1
430.7637 0.45766 24.487 -6.656 1
431.0973 0.45275 24.512 -6.288 1
431.4310 0.45461 24.692 -6.387 1
431.7647 0.47471 24.806 -6.287 1
432.0983 0.48047 24.943 -6.054 1
432.4320 0.45416 24.880 -5.727 1
432.7657 0.47206 25.141 -5.449 1
433.0993 0.45551 25.350 -4.994 1
433.4330 0.45770 25.661 -4.382 1
433.7667 0.44456 25.836 -4.030 1
434.1003 0.45963 25.889 -4.580 1
434.4340 0.46241 26.048 -4.240 1
434.7677 0.48731 26.322 -4.285 1
435.1013 0.48689 26.321 -4.361 1
435.4350 0.46885 26.225 -3.875 1
435.7687 0.48634 26.372 -2.922 1
436.1023 0.46367 26.696 -2.746 1
436.4360 0.44473 27.006 -2.882 1
436.7697 0.46027 27.215 -3.266 1
437.1033 0.47777 27.467 -3.605 1
437.4370 0.50117 27.433 -4.187 1
437.7707 0.50640 27.450 -4.627 1
438.1043 0.51502 27.481 -4.916 1
438.4380 0.49541 27.343 -4.899 1
438.7717 0.50441 27.382 -4.856 1
439.1053 0.50733 27.940 -4.735 1
439.4390 0.51696 28.188 -5.011 1
439.7727 0.53553 28.229 -5.546 1
440.1063 0.54847 28.322 -5.904 1
440.4400 0.53500 28.410 -6.027 1
440.7737 0.51133 28.449 -6.081 1
441.1073 0.47757 28.436 -6.097 1
441.4410 0.47567 28.608 -6.095 1
441.7747 0.45332 28.698 -5.864 1
442.1083 0.46586 28.841 -5.786 1
442.4420 0.46404 28.839 -5.833 1
442.7757 0.47733 29.014 -6.254 1
443.1093 0.47846 29.207 -6.177 1
443.4430 0.45668 29.084 -5.920 1
443.7767 0.44376 29.589 -5.472 1
444.1103 0.43757 29.800 -5.379 1
444.4440 0.45126 30.066 -5.676 1
444.7777 0.46330 30.378 -5.837 1
445.1113 0.46159 30.799 -4.882 1
445.4450 0.46876 30.963 -4.256 1
445.7787 0.48379 31.231 -4.536 1
446.1123 0.49142 31.350 -4.755 1
446.4460 0.49665 31.626 -5.019 1
446.7797 0.52148 31.940 -4.536 1
447.1133 0.53945 32.110 -4.904 1
447.4470 0.55006 32.411 -4.750 1
447.7807 0.55538 32.640 -4.940 1
448.1143 0.56527 32.851 -5.262 1
448.4480 0.57627 33.214 -5.366 1
448.7817 0.54059 33.315 -4.497 1
449.1153 0.51128 33.163 -4.144 1
449.4490 0.48890 33.422 -3.916 1
449.7827 0.50372 33.998 -4.276 1
450.1163 0.51352 34.530 -4.254 1
450.4500 0.53060 34.670 -4.692 1
450.7837 0.51604 34.686 -4.246 1
451.1173 0.49940 35.062 -3.979 1
451.4510 0.49521 35.299 -2.877 1
451.7847 0.49285 35.629 -2.527 1
452.1183 0.47254 35.833 -2.541 1
452.4520 0.47093 35.864 -2.922 1
452.7857 0.45534 36.100 -3.014 1
453.1193 0.46648 36.389 -3.353 1
453.4530 0.46794 36.604 -2.564 1
453.7867 0.47719 36.672 -2.242 1
454.1203 0.47126 36.516 -1.800 1
454.4540 0.47827 37.433 -2.067 1
454.7877 0.48621 37.790 -2.342 1
455.1213 0.49498 37.865 -1.977 1
455.4550 0.48369 37.924 -1.442 1
455.7887 0.50210 38.118 -1.518 1
456.1223 0.51298 38.172 -1.854 1
456.4560 0.51642 38.662 -2.243 1
456.7897 0.48750 38.698 -1.310 1
457.1233 0.49630 38.643 -1.344 1
457.4570 0.50950 38.742 -1.866 1
457.7907 0.52252 39.255 -2.234 1
458.1243 0.50489 39.040 -1.950 1
458.4580 0.50951 39.277 -1.657 1
458.7917 0.49604 39.275 -1.194 1
459.1253 0.48918 39.204 -0.289 1
459.4590 0.50116 39.153 -0.616 1
459.7927 0.50495 39.035 -0.388 1
460.1263 0.47622 39.244 0.788 1
460.4600 0.47341 39.232 0.663 1
460.7937 0.47578 39.342 0.774 1
461.1273 0.46141 39.392 1.731 1
461.4610 0.45678 39.457 2.053 1
461.7947 0.44633 39.442 2.057 1
462.1283 0.43117 39.340 1.876 1
462.4620 0.44574 39.673 1.439 1
462.7957 0.44252 39.450 1.755 1
463.1293 0.44096 39.521 2.031 1
463.4630 0.43166 39.639 2.598 1
463.7967 0.42301 39.486 2.714 1
464.1303 0.42676 38.802 2.847 1
464.4640 0.42522 39.399 2.571 1
464.7977 0.43814 40.071 2.509 1
465.1313 0.43329 40.193 2.292 1
465.4650 0.44916 40.307 1.902 1
465.7987 0.45482 40.476 1.867 1
466.1323 0.47314 40.314 1.496 1
466.4660 0.49086 40.714 1.154 1
466.7997 0.50193 41.053 0.764 1
467.1333 0.52421 40.934 0.725 1
467.4670 0.55096 40.873 0.033 1
467.8007 0.56789 41.284 -0.402 1
468.1343 0.58371 41.453 -0.262 1
468.4680 0.58447 41.471 -0.617 1
468.8017 0.58607 41.459 -0.453 1
469.1353 0.55410 40.866 0.386 1
469.4690 0.56055 40.907 0.178 1
469.8027 0.56973 41.510 0.548 1
470.1363 0.57536 40.962 0.920 1
470.4700 0.56376 41.699 0.843 1
470.8037 0.54083 41.332 1.666 1
471.1373 0.51002 41.188 2.149 1
471.4710 0.50799 41.301 2.492 1
471.8047 0.49055 40.849 2.678 1
472.1383 0.47036 40.954 2.683 1
472.4720 0.47088 41.088 3.132 1
472.8057 0.46291 40.274 3.600 1
473.1393 0.45456 40.672 3.798 1
473.4730 0.46122 40.231 3.460 1
473.8067 0.47369 40.727 3.061 1
474.1403 0.47281 40.205 3.085 1
474.4740 0.47348 40.355 3.098 1
474.8077 0.46190 40.041 3.172 1
475.1413 0.46622 39.803 3.116 1
475.4750 0.47865 40.004 3.015 1
475.8087 0.46838 39.497 2.762 1
476.1423 0.47532 40.118 2.652 1
476.4760 0.48248 40.392 2.506 1
476.8097 0.50422 40.152 1.956 1
477.1433 0.52023 39.846 1.330 1
477.4770 0.53252 39.364 0.793 1
477.8107 0.53839 38.594 1.122 1
478.1443 0.56457 38.378 0.630 1
478.4780 0.57312 38.061 0.238 1
478.8117 0.57323 37.589 0.007 1
479.1453 0.58511 37.119 -0.109 1
479.4790 0.60031 37.117 -0.231 1
479.8127 0.62481 37.050 -0.838 1
480.1463 0.62628 36.430 -1.144 1
480.4800 0.61251 36.541 -1.057 1
480.8137 0.61441 36.480 -0.625 1
481.1473 0.62624 36.526 -0.656 1
481.4810 0.63858 36.519 -0.998 1
481.8147 0.62580 36.218 -1.119 1
482.1483 0.63281 36.578 -1.330 1
482.4820 0.63198 37.559 -1.261 1
482.8157 0.61633 38.298 -1.067 1
483.1493 0.63097 38.176 -1.515 1
483.4830 0.64991 38.462 -2.044 1
483.8167 0.64579 38.014 -2.255 1
484.1503 0.64823 35.803 -2.540 1
484.4840 0.67259 34.962 -3.222 1
484.8177 0.68780 33.704 -3.671 1
485.1513 0.70048 31.956 -4.015 1
485.4850 0.68091 30.424 -3.498 1
485.8187 0.66327 29.290 -3.379 1
486.1523 0.63416 28.005 -3.199 1
486.4860 0.64070 26.845 -3.439 1
486.8197 0.63314 25.812 -3.631 1
487.1533 0.59757 24.694 -3.481 1
487.4870 0.57967 23.700 -3.143 1
487.8207 0.59691 22.902 -3.268 1
488.1543 0.60472 21.919 -3.657 1
488.4880 0.60530 21.466 -3.863 1
488.8217 0.53662 20.535 -2.562 1
489.1553 0.54722 19.850 -2.237 1
489.4890 0.54844 19.215 -2.318 1
489.8227 0.55955 18.849 -2.016 1
490.1563 0.52069 18.055 -1.211 1
490.4900 0.52021 17.690 -1.397 1
490.8237 0.52761 17.616 -1.171 1
491.1573 0.54282 17.329 -1.503 1
491.4910 0.56549 16.778 -2.052 1
491.8247 0.57013 16.244 -2.403 1
492.1583 0.56654 15.905 -2.231 1
492.4920 0.56601 15.433 -1.888 1
492.8257 0.56041 15.043 -1.337 1
493.1593 0.55221 14.710 -1.242 1
493.4930 0.56429 14.477 -1.142 1
493.8267 0.55285 14.239 -1.114 1
494.1603 0.54929 13.978 -1.260 1
494.4940 0.52259 13.628 -1.057 1
494.8277 0.51900 13.463 -1.217 1
495.1613 0.52083 13.374 -1.414 1
495.4950 0.49801 13.263 -1.470 1
495.8287 0.47316 13.154 -1.232 1
496.1623 0.46507 13.010 -1.332 1
496.4960 0.48100 12.784 -1.702 1
496.8297 0.48981 12.760 -2.159 1
497.1633 0.50024 12.807 -2.545 1
497.4970 0.51762 13.124 -2.583 1
497.8307 0.50958 13.072 -2.985 1
498.1643 0.49266 13.013 -2.861 1
498.4980 0.45404 12.998 -1.529 1
498.8317 0.41188 12.991 -0.305 1
499.1653 0.38020 12.816 0.072 1
499.4990 0.38512 12.806 -0.205 1
499.8327 0.36414 12.757 0.476 1
500.1663 0.35607 12.710 1.233 1
500.5000 0.33575 12.756 1.232 1
500.8337 0.32191 12.691 1.621 1
501.1673 0.30261 12.669 2.117 1
501.5010 0.30271 12.650 2.075 1
501.8347 0.31442 12.776 1.862 1
502.1683 0.32670 12.781 1.610 1
502.5020 0.34706 13.005 1.157 1
502.8357 0.36956 13.014 0.620 1
503.1693 0.38478 13.066 0.345 1
503.5030 0.40329 13.169 -0.105 1
503.8367 0.41690 13.177 -0.441 1
504.1703 0.42014 13.144 -0.634 1
504.5040 0.44273 13.298 -0.844 1
504.8377 0.44988 13.252 -1.158 1
505.1713 0.46206 13.253 -1.618 1
505.5050 0.43509 13.106 -1.656 1
505.8387 0.43382 13.295 -1.888 1
506.1723 0.45113 13.314 -2.061 1
506.5060 0.45145 13.433 -2.203 1
506.8397 0.41336 13.397 -2.187 1
507.1733 0.40671 13.225 -2.420 1
507.5070 0.40919 13.245 -2.727 1
507.8407 0.38070 13.097 -2.528 1
508.1743 0.36939 12.991 -1.946 1
508.5080 0.37761 13.077 -1.169 1
508.8417 0.35795 13.127 -1.166 1
509.1753 0.34963 12.852 -0.874 1
509.5090 0.35240 12.873 -1.065 1
509.8427 0.36617 12.709 -1.315 1
510.1763 0.35338 12.494 -0.902 1
510.5100 0.36598 12.646 -0.860 1
510.8437 0.37133 12.662 -0.031 1
511.1773 0.36819 12.667 0.441 1
511.5110 0.36122 12.686 0.611 1
511.8447 0.37593 12.682 0.085 1
512.1783 0.37806 12.850 0.122 1
512.5120 0.40288 12.882 -0.365 1
512.8457 0.41402 12.883 -0.684 1
513.1793 0.41527 12.404 -1.194 1
513.5130 0.40819 12.538 -1.383 1
513.8467 0.42880 12.701 -1.281 1
514.1803 0.44243 12.744 -0.921 1
514.5140 0.46119 12.832 -0.924 1
514.8477 0.47509 12.884 -1.039 1
515.1813 0.48546 12.973 -1.391 1
515.5150 0.44793 12.746 -1.291 1
515.8487 0.43714 12.702 -1.162 1
516.1823 0.41774 12.634 -0.851 1
516.5160 0.40493 12.584 -0.767 1
516.8497 0.37371 12.453 -0.034 1
517.1833 0.37189 12.399 0.103 1
517.5170 0.37003 12.454 0.423 1
517.8507 0.35995 12.240 0.283 1
518.1843 0.36311 12.192 0.077 1
518.5180 0.37154 12.293 0.134 1
518.8517 0.37989 12.369 -0.169 1
519.1853 0.39203 12.499 -0.643 1
519.5190 0.38366 12.556 -0.875 1
519.8527 0.39524 12.649 -0.882 1
520.1863 0.41078 12.528 -0.963 1
520.5200 0.42176 12.537 -1.228 1
520.8537 0.42703 12.570 -1.222 1
521.1873 0.44064 12.591 -1.478 1
521.5210 0.46003 12.791 -1.808 1
521.8547 0.42485 12.610 -1.738 1
522.1883 0.42765 12.736 -1.422 1
522.5220 0.44198 12.870 -1.712 1
522.8557 0.45122 12.854 -1.600 1
523.1893 0.46393 12.863 -1.332 1
523.5230 0.47390 12.900 -0.762 1
523.8567 0.48128 13.039 -0.590 1
524.1903 0.46464 13.235 0.257 1
524.5240 0.47910 13.254 0.988 1
524.8577 0.48798 13.424 0.781 1
525.1913 0.50177 13.569 1.325 1
525.5250 0.48473 13.533 1.112 1
525.8587 0.49114 13.798 0.798 1
526.1923 0.50821 13.969 0.291 1
526.5260 0.48455 13.978 0.281 1
526.8597 0.44531 13.907 0.828 1
527.1933 0.45227 13.896 0.802 1
527.5270 0.45496 14.062 0.498 1
527.8607 0.44626 14.264 0.424 1
528.1943 0.45808 14.412 0.685 1
528.5280 0.47226 14.594 1.100 1
528.8617 0.46406 14.869 0.981 1
529.1953 0.48132 14.824 0.595 1
529.5290 0.49784 14.685 0.012 1
529.8627 0.50329 14.552 -0.537 1
530.1963 0.51464 14.764 -0.673 1
530.5300 0.54387 14.800 -1.400 1
530.8637 0.53033 14.772 -1.501 1
531.1973 0.55124 14.794 -2.199 1
531.5310 0.57458 15.023 -2.748 1
531.8647 0.58391 15.161 -2.639 1
532.1983 0.54429 15.246 -2.597 1
532.5320 0.54446 15.401 -2.416 1
532.8657 0.51752 15.280 -2.503 1
533.1993 0.50830 15.538 -2.610 1
533.5330 0.52702 15.723 -3.186 1
533.8667 0.54210 15.947 -2.961 1
534.2003 0.54636 15.830 -3.070 1
534.5340 0.50817 15.813 -2.470 1
534.8677 0.46643 15.719 -1.775 1
535.2013 0.44745 15.663 -1.523 1
535.5350 0.44256 15.685 -1.714 1
535.8687 0.45886 15.969 -2.103 1
536.2023 0.47005 16.176 -1.739 1
536.5360 0.47243 16.403 -1.416 1
536.8697 0.50018 16.439 -2.125 1
537.2033 0.51772 16.597 -2.623 1
537.5370 0.52780 16.914 -2.919 1
537.8707 0.55029 17.330 -3.462 1
538.2043 0.55504 17.560 -3.512 1
538.5380 0.57152 17.859 -3.619 1
538.8717 0.56755 17.972 -3.860 1
539.2053 0.58934 18.214 -4.109 1
539.5390 0.60275 18.436 -3.576 1
539.8727 0.61594 18.571 -3.733 1
540.2063 0.62890 18.853 -3.318 1
540.5400 0.59671 18.934 -3.006 1
540.8737 0.60174 19.010 -3.211 1
541.2073 0.59348 19.096 -2.939 1
541.5410 0.56655 19.114 -2.870 1
541.8747 0.54969 19.114 -2.665 1
542.2083 0.54303 19.227 -2.537 1
542.5420 0.55922 19.480 -2.898 1
542.8757 0.56412 19.555 -3.313 1
543.2093 0.56101 19.776 -3.543 1
543.5430 0.56674 19.971 -3.673 1
543.8767 0.56008 20.106 -3.695 1
544.2103 0.56799 20.219 -3.911 1
544.5440 0.58735 20.355 -4.287 1
544.8777 0.59104 20.160 -4.618 1
545.2113 0.58314 20.113 -4.276 1
545.5450 0.54863 20.016 -4.107 1
545.8787 0.56190 20.342 -4.441 1
546.2123 0.57563 20.393 -3.743 1
546.5460 0.56653 20.296 -3.285 1
546.8797 0.56374 20.485 -3.478 1
547.2133 0.56029 20.478 -2.932 1
547.5470 0.51158 20.320 -1.432 1
547.8807 0.45809 20.341 -0.154 1
548.2143 0.44038 20.264 0.351 1
548.5480 0.40773 20.139 1.079 1
548.8817 0.41834 20.032 0.750 1
549.2153 0.40379 20.075 0.922 1
549.5490 0.37271 19.956 1.630 1
549.8827 0.35630 20.001 1.846 1
550.2163 0.34606 19.908 2.801 1
550.5500 0.33738 19.874 3.753 1
550.8837 0.32866 20.016 4.205 1
551.2173 0.30225 20.086 4.318 1
551.5510 0.30313 20.023 4.397 1
551.8847 0.31120 20.074 4.263 1
552.2183 0.31356 19.968 3.989 1
552.5520 0.32712 20.236 4.233 1
552.8857 0.31112 20.208 4.648 1
553.2193 0.31012 20.375 4.793 1
553.5530 0.30326 20.366 4.748 1
553.8867 0.28753 20.253 5.113 1
554.2203 0.26344 20.247 5.103 1
554.5540 0.26001 20.159 4.800 1
554.8877 0.27705 20.360 4.411 1
555.2213 0.28933 20.408 3.990 1
555.5550 0.27778 20.477 3.745 1
555.8887 0.26243 20.518 3.606 1
556.2223 0.24268 20.561 3.743 1
556.5560 0.23364 20.708 3.543 1
556.8897 0.22668 20.694 3.814 1
557.2233 0.19317 20.662 4.428 1
557.5570 0.19544 20.848 4.579 1
557.8907 0.17782 20.716 4.717 1
558.2243 0.17621 20.801 4.700 1
558.5580 0.17208 20.762 4.463 1
558.8917 0.17157 20.806 4.429 1
559.2253 0.15799 20.683 4.308 1
559.5590 0.17830 20.840 3.879 1
559.8927 0.16848 21.033 4.253 1
560.2263 0.17800 21.112 4.262 1
560.5600 0.19361 21.241 4.008 1
560.8937 0.21131 21.196 4.134 1
561.2273 0.19631 21.256 4.913 1
561.5610 0.19492 21.352 5.116 1
561.8947 0.21946 21.458 5.046 1
562.2283 0.23401 21.804 4.718 1
562.5620 0.24447 21.794 4.851 1
562.8957 0.23315 21.925 4.918 1
563.2293 0.23317 21.491 4.687 1
563.5630 0.25949 21.878 4.061 1
563.8967 0.25651 21.938 3.941 1
564.2303 0.26142 21.795 3.897 1
564.5640 0.23969 21.770 4.350 1
564.8977 0.23957 21.497 4.171 1
565.2313 0.24214 21.605 3.859 1
565.5650 0.25672 21.550 3.999 1
565.8987 0.27119 21.689 3.506 1
566.2323 0.24585 21.516 3.483 1
566.5660 0.24886 21.558 3.288 1
566.8997 0.28049 21.749 2.590 1
567.2333 0.29333 21.761 2.211 1
567.5670 0.29075 21.889 1.953 1
567.9007 0.28320 22.208 1.709 1
568.2343 0.27882 22.374 2.120 1
568.5680 0.28040 22.502 1.774 1
568.9017 0.27977 22.547 1.656 1
569.2353 0.26349 22.598 1.754 1
569.5690 0.23071 22.634 1.811 1
569.9027 0.20063 22.629 2.577 1
570.2363 0.19414 22.774 3.285 1
570.5700 0.20421 22.955 3.918 1
570.9037 0.19158 22.999 4.519 1
571.2373 0.20011 23.133 4.814 1
571.5710 0.19508 23.149 4.976 1
571.9047 0.20497 23.209 4.683 1
572.2383 0.20292 23.268 4.603 1
572.5720 0.18033 23.126 4.851 1
572.9057 0.18288 23.239 4.814 1
573.2393 0.19494 23.367 4.489 1
573.5730 0.18488 23.359 4.310 1
573.9067 0.17701 23.306 4.441 1
574.2403 0.17485 23.504 4.353 1
574.5740 0.16863 23.464 4.310 1
574.9077 0.17121 23.759 4.511 1
575.2413 0.16886 23.744 4.206 1
575.5750 0.18064 23.860 3.812 1
575.9087 0.15697 23.836 4.417 1
576.2423 0.15969 24.131 4.302 1
576.5760 0.14184 24.159 5.022 1
576.9097 0.12908 24.176 5.364 1
577.2433 0.12027 24.350 5.528 1
577.5770 0.12919 24.326 5.937 1
577.9107 0.15027 24.415 5.485 1
578.2443 0.14777 24.436 5.142 1
578.5780 0.13026 24.363 5.101 1
578.9117 0.13733 24.347 5.688 1
579.2453 0.15513 24.462 5.395 1
579.5790 0.12618 24.390 5.395 1
579.9127 0.12669 24.361 5.276 1
580.2463 0.12393 24.376 5.163 1
580.5800 0.14408 24.493 4.755 1
580.9137 0.15844 24.866 4.607 1
581.2473 0.17397 25.147 4.566 1
581.5810 0.18028 25.295 4.463 1
581.9147 0.19016 25.826 4.803 1
582.2483 0.21870 26.189 4.575 1
582.5820 0.23486 26.524 4.771 1
582.9157 0.22646 26.612 4.605 1
583.2493 0.21860 26.643 5.046 1
583.5830 0.23780 27.199 4.855 1
583.9167 0.25737 27.333 5.074 1
584.2503 0.26474 27.580 4.914 1
584.5840 0.27573 27.691 4.583 1
584.9177 0.24443 27.855 4.815 1
585.2513 0.25441 28.076 4.878 1
585.5850 0.22672 28.146 4.916 1
585.9187 0.21799 28.209 4.822 1
586.2523 0.21504 28.519 4.978 1
586.5860 0.22751 28.723 4.747 1
586.9197 0.24355 28.954 5.084 1
587.2533 0.26231 29.169 4.653 1
587.5870 0.28391 29.481 4.152 1
587.9207 0.30510 29.460 3.648 1
588.2543 0.30599 29.708 3.510 1
588.5880 0.32147 29.925 3.366 1
588.9217 0.32066 30.203 3.066 1
589.2553 0.31727 30.154 3.201 1
589.5890 0.32930 30.486 2.884 1
589.9227 0.32602 30.693 2.783 1
590.2563 0.31459 30.915 3.600 1
590.5900 0.32116 31.223 3.841 1
590.9237 0.33423 31.504 4.010 1
591.2573 0.35462 31.691 4.157 1
591.5910 0.37476 32.207 4.222 1
591.9247 0.38039 31.817 4.019 1
592.2583 0.38652 32.354 3.675 1
592.5920 0.37991 31.978 3.709 1
592.9257 0.39502 32.443 3.349 1
593.2593 0.40744 32.553 2.942 1
593.5930 0.39583 32.661 2.799 1
593.9267 0.38827 32.711 3.175 1
594.2603 0.38282 32.515 3.188 1
594.5940 0.39919 32.817 2.772 1
594.9277 0.35800 32.445 2.785 1
595.2613 0.35706 32.546 2.727 1
595.5950 0.37675 32.980 2.971 1
595.9287 0.37698 33.098 2.670 1
596.2623 0.38694 33.157 2.418 1
596.5960 0.39117 33.412 2.460 1
596.9297 0.39965 33.268 2.180 1
597.2633 0.41978 33.791 2.392 1
597.5970 0.42109 34.015 2.001 1
597.9307 0.43616 34.236 1.692 1
598.2643 0.45816 34.395 1.120 1
598.5980 0.45575 34.615 0.776 1
598.9317 0.41740 34.297 0.950 1
599.2653 0.38553 34.408 1.292 1
599.5990 0.36621 34.178 1.931 1
599.9327 0.34320 33.818 2.428 1
600.2663 0.35534 33.886 2.113 1
600.6000 0.34321 34.031 2.307 1
600.9337 0.33970 34.018 2.200 1
601.2673 0.34683 34.220 2.077 1
601.6010 0.31709 33.901 2.471 1
601.9347 0.32636 33.918 2.217 1
602.2683 0.32185 33.929 2.292 1
602.6020 0.32347 33.891 2.110 1
602.9357 0.34321 33.804 1.660 1
603.2693 0.35459 33.781 1.387 1
603.6030 0.36851 33.276 1.011 1
603.9367 0.35301 33.724 0.867 1
604.2703 0.36976 33.703 0.436 1
604.6040 0.38858 33.852 0.545 1
604.9377 0.38232 33.686 0.478 1
605.2713 0.37461 33.708 0.420 1
605.6050 0.36239 33.606 0.840 1
605.9387 0.32611 33.486 1.677 1
606.2723 0.32113 33.472 1.491 1
606.6060 0.31824 33.429 1.659 1
606.9397 0.33078 33.318 1.611 1
607.2733 0.34138 33.315 1.223 1
607.6070 0.35217 33.628 0.877 1
607.9407 0.36524 33.728 0.482 1
608.2743 0.36768 33.868 0.520 1
608.6080 0.38545 33.968 0.560 1
608.9417 0.36067 33.899 0.798 1
609.2753 0.37639 33.978 0.613 1
609.6090 0.38227 34.001 0.330 1
609.9427 0.38792 34.314 0.281 1
610.2763 0.39701 34.361 0.357 1
610.6100 0.39548 34.503 0.125 1
610.9437 0.39687 34.634 -0.095 1
611.2773 0.40586 34.700 0.123 1
611.6110 0.37977 34.538 0.144 1
611.9447 0.36757 34.611 0.705 1
612.2783 0.35152 34.551 1.348 1
612.6120 0.31506 34.607 2.578 1
612.9457 0.29518 34.622 3.333 1
613.2793 0.26534 34.327 3.837 1
613.6130 0.26846 34.169 3.755 1
613.9467 0.27422 34.089 3.604 1
614.2803 0.26683 34.230 3.950 1
614.6140 0.25680 34.204 4.137 1
614.9477 0.24400 34.167 4.149 1
615.2813 0.26041 34.234 3.902 1
615.6150 0.22049 34.036 4.331 1
615.9487 0.19160 34.133 4.366 1
616.2823 0.17262 34.168 4.329 1
616.6160 0.17251 34.251 4.077 1
616.9497 0.17017 34.358 3.821 1
617.2833 0.16625 34.473 4.226 1
617.6170 0.15617 34.367 4.412 1
617.9507 0.15366 34.537 4.722 1
618.2843 0.13208 34.394 5.124 1
618.6180 0.12834 34.571 5.512 1
618.9517 0.13392 34.663 5.697 1
619.2853 0.12874 34.687 5.649 1
619.6190 0.12210 34.614 5.441 1
619.9527 0.13235 33.469 5.450 1
620.2863 0.14235 34.715 5.468 1
620.6200 0.14187 34.850 5.604 1
620.9537 0.13772 34.677 5.457 1
621.2873 0.13480 34.682 5.171 1
621.6210 0.13364 34.713 5.378 1
621.9547 0.14453 34.993 5.492 1
622.2883 0.16200 35.194 4.995 1
622.6220 0.16439 35.069 4.819 1
622.9557 0.16685 35.416 4.662 1
623.2893 0.14355 35.424 4.723 1
623.6230 0.14439 35.336 5.109 1
623.9567 0.14237 35.418 5.056 1
624.2903 0.13731 35.422 5.589 1
624.6240 0.14608 35.450 6.301 1
624.9577 0.14146 35.603 6.919 1
625.2913 0.14640 35.608 7.373 1
625.6250 0.15381 35.661 7.461 1
625.9587 0.14591 35.652 7.225 1
626.2923 0.13952 35.673 7.625 1
626.6260 0.14004 35.920 7.790 1
626.9597 0.15216 35.885 7.976 1
627.2933 0.15373 35.783 8.423 1
627.6270 0.14549 34.471 8.644 1
627.9607 0.16534 36.187 8.220 1
628.2943 0.17676 36.389 7.971 1
628.6280 0.18776 36.487 7.788 1
628.9617 0.18981 36.573 7.914 1
629.2953 0.19846 36.687 7.721 1
629.6290 0.19372 37.072 7.707 1
629.9627 0.19316 37.157 8.004 1
630.2963 0.20053 37.432 7.930 1
630.6300 0.19914 37.866 7.698 1
630.9637 0.20904 37.934 7.801 1
631.2973 0.19368 38.007 7.928 1
631.6310 0.19704 38.171 7.972 1
631.9647 0.19861 38.174 7.948 1
632.2983 0.21499 38.450 7.563 1
632.6320 0.23374 38.667 7.643 1
632.9657 0.22131 38.809 7.884 1
633.2993 0.24120 38.947 7.439 1
633.6330 0.24517 38.708 7.446 1
633.9667 0.25701 39.308 7.630 1
634.3003 0.26581 39.547 7.222 1
634.6340 0.27047 39.802 7.220 1
634.9677 0.28287 39.418 7.270 1
635.3013 0.29752 40.423 7.643 1
635.6350 0.30202 40.676 7.355 1
635.9687 0.30813 40.110 7.360 1
636.3023 0.30359 41.246 7.549 1
636.6360 0.27332 40.237 8.195 1
636.9697 0.27266 41.272 8.666 1
637.3033 0.27117 41.765 8.864 1
637.6370 0.26905 41.807 8.713 1
637.9707 0.27298 42.098 8.450 1
638.3043 0.27812 42.591 8.385 1
638.6380 0.29078 42.322 8.139 1
638.9717 0.30434 43.381 8.108 1
639.3053 0.30956 43.555 7.850 1
639.6390 0.31868 43.915 7.440 1
639.9727 0.33202 44.212 6.978 1
640.3063 0.34407 43.807 6.666 1
640.6400 0.35336 44.328 6.612 1
640.9737 0.36104 44.433 6.304 1
641.3073 0.37546 43.837 5.796 1
641.6410 0.36388 44.754 5.781 1
641.9747 0.37524 44.981 5.576 1
642.3083 0.38345 45.181 5.164 1
642.6420 0.40228 45.263 4.807 1
642.9757 0.41214 45.262 4.217 1
643.3093 0.41241 45.455 3.797 1
643.6430 0.40916 45.538 3.491 1
643.9767 0.41428 46.033 3.514 1
644.3103 0.42246 45.466 3.555 1
644.6440 0.42402 46.798 3.598 1
644.9777 0.42019 46.377 3.350 1
645.3113 0.42929 47.134 3.031 1
645.6450 0.43596 47.147 2.545 1
645.9787 0.44887 46.284 2.301 1
646.3123 0.45833 47.728 2.042 1
