0.0000 -0.00227 0.018 0.081 1
0.3337 -0.00303 0.017 -0.198 1
0.6673 -0.00968 0.067 0.040 1
1.0010 0.01758 0.033 -0.125 1
1.3347 0.02414 0.170 0.342 1
1.6683 0.01769 0.304 0.432 1
2.0020 0.02014 0.613 0.137 1
2.3357 0.03658 0.922 -0.251 1
2.6693 0.04790 1.061 1.605 1
3.0030 0.04231 1.235 2.623 1
3.3367 0.02177 1.233 2.547 1
3.6703 0.00629 1.338 2.400 1
4.0040 -0.01388 1.285 2.393 1
4.3377 -0.03118 1.174 2.417 1
4.6713 -0.04519 1.148 3.373 1
5.0050 -0.05839 1.185 4.551 1
5.3387 -0.04333 1.177 4.180 1
5.6723 -0.06177 1.085 4.909 1
6.0060 -0.07047 1.108 6.152 1
6.3397 -0.07119 1.169 6.494 1
6.6733 -0.06709 1.138 6.921 1
7.0070 -0.08131 1.153 7.323 1
7.3407 -0.08455 1.111 8.070 1
7.6743 -0.09291 1.065 8.395 1
8.0080 -0.11212 0.916 8.576 1
8.3417 -0.10711 0.857 8.928 1
8.6753 -0.13466 0.448 9.278 1
9.0090 -0.14276 0.211 9.229 1
9.3427 -0.12087 0.136 8.687 1
9.6763 -0.11639 0.186 8.473 1
10.0100 -0.09604 0.096 9.486 1
10.3437 -0.08700 0.092 9.170 1
10.6773 -0.06942 0.191 8.696 1
11.0110 -0.05782 0.287 8.317 1
11.3447 -0.03950 0.207 8.268 1
11.6783 -0.03794 0.335 7.891 1
12.0120 -0.03125 0.329 7.547 1
12.3457 -0.01646 0.447 7.616 1
12.6793 -0.03420 0.354 7.477 1
13.0130 -0.06087 0.255 7.421 1
13.3467 -0.06446 0.133 7.500 1
13.6803 -0.05123 0.254 8.179 1
14.0140 -0.03519 0.465 8.055 1
14.3477 -0.02311 0.494 8.476 1
14.6813 -0.00714 0.435 8.854 1
15.0150 0.00636 0.367 8.732 1
15.3487 0.01916 0.549 8.189 1
15.6823 0.01997 0.675 8.079 1
16.0160 0.02308 0.580 8.526 1
16.3497 0.01265 0.319 9.962 1
16.6833 0.02384 0.232 10.290 1
17.0170 0.01188 0.066 10.554 1
17.3507 0.02141 0.029 9.869 1
17.6843 0.01125 -0.184 9.764 1
18.0180 0.02903 -0.207 10.027 1
18.3517 0.03990 -0.304 10.752 1
18.6853 0.05620 -0.425 10.284 1
19.0190 0.06549 -0.692 9.155 1
19.3527 0.06443 -0.839 8.788 1
19.6863 0.08422 -0.983 8.280 1
20.0200 0.06443 -1.125 8.242 1
20.3537 0.07803 -1.124 8.649 1
20.6873 0.09342 -1.102 8.353 1
21.0210 0.08417 -1.037 8.432 1
21.3547 0.03921 -1.143 9.456 1
21.6883 0.01063 -0.940 9.235 1
22.0220 -0.00537 0.564 7.984 1
22.3557 0.00708 2.148 2.868 1
22.6893 0.01785 1.667 1.958 1
23.0230 0.01476 -1.869 3.047 1
23.3567 0.01165 -5.710 2.774 1
23.6903 0.01208 -8.827 1.043 1
24.0240 0.00432 -9.564 -8.394 1
24.3577 0.02557 -9.286 -15.705 1
24.6913 0.04157 -10.244 -10.912 1
25.0250 0.04479 -11.318 -8.829 1
25.3587 0.05762 -11.657 -8.227 1
25.6923 0.05503 -11.721 -8.268 1
26.0260 0.07850 -10.916 -8.639 1
26.3597 0.11043 -6.328 -11.522 1
26.6933 0.17687 0.982 -15.403 1
27.0270 0.21927 6.620 -16.826 1
27.3607 0.22853 9.450 -14.751 1
27.6943 0.19693 7.951 -13.869 1
28.0280 0.17194 4.874 -12.456 1
28.3617 0.17298 1.153 -10.857 1
28.6953 0.17751 -2.748 -9.929 1
29.0290 0.17674 -5.734 -8.338 1
29.3627 0.17937 -7.544 -8.157 1
29.6963 0.19177 -8.566 -8.493 1
30.0300 0.19470 -8.714 -8.992 1
30.3637 0.21109 -8.229 -9.810 1
30.6973 0.20184 -5.891 -10.557 1
31.0310 0.21857 -0.538 -12.091 1
31.3647 0.26063 6.037 -12.281 1
31.6983 0.26998 10.089 -11.447 1
32.0320 0.22898 9.910 -11.038 1
32.3657 0.20452 8.323 -10.817 1
32.6993 0.21211 6.452 -10.738 1
33.0330 0.22390 3.947 -10.966 1
33.3667 0.20763 1.475 -10.526 1
33.7003 0.18695 -0.387 -10.074 1
34.0340 0.16382 -2.395 -8.215 1
34.3677 0.17877 -4.330 -7.561 1
34.7013 0.18827 -5.035 -8.791 1
35.0350 0.20616 -5.218 -8.932 1
35.3687 0.22780 -5.064 -8.316 1
35.7023 0.23324 -5.227 -6.733 1
36.0360 0.24084 -5.496 -6.196 1
36.3697 0.21897 -5.825 -5.812 1
36.7033 0.19309 -5.928 -4.621 1
37.0370 0.17593 -5.965 -3.604 1
37.3707 0.17433 -6.006 -2.759 1
37.7043 0.16986 -5.866 -0.970 1
38.0380 0.12261 -6.003 0.455 1
38.3717 0.12158 -5.896 0.425 1
38.7053 0.13587 -5.632 0.330 1
39.0390 0.14275 -5.280 0.189 1
39.3727 0.09241 -5.395 0.334 1
39.7063 0.09656 -5.371 0.270 1
40.0400 0.08606 -5.349 0.031 1
40.3737 0.09530 -5.217 -0.199 1
40.7073 0.09181 -5.209 -0.158 1
41.0410 0.07249 -5.287 0.730 1
41.3747 0.07894 -4.963 0.001 1
41.7083 0.09196 -4.498 0.448 1
42.0420 0.08557 -4.791 0.725 1
42.3757 0.08404 -5.170 1.034 1
42.7093 0.07503 -5.306 1.530 1
43.0430 0.08663 -5.352 1.351 1
43.3767 0.04724 -5.654 2.087 1
43.7103 0.04710 -5.760 1.787 1
44.0440 0.02954 -5.726 1.946 1
44.3777 0.04672 -5.560 2.417 1
44.7113 0.02746 -5.735 3.399 1
45.0450 0.03851 -5.543 3.235 1
45.3787 0.03829 -5.560 3.648 1
45.7123 0.02862 -5.799 3.564 1
46.0460 0.02346 -5.951 3.552 1
46.3797 0.00220 -6.046 4.364 1
46.7133 0.01404 -5.909 5.145 1
47.0470 0.00080 -6.033 5.988 1
47.3807 0.00905 -5.856 6.288 1
47.7143 0.02032 -5.725 6.441 1
48.0480 0.02869 -5.103 6.243 1
48.3817 0.04302 -5.002 6.274 1
48.7153 0.04824 -5.227 5.986 1
49.0490 0.03932 -5.479 5.610 1
49.3827 0.02450 -5.865 5.677 1
49.7163 0.02656 -5.925 5.369 1
50.0500 0.00785 -5.926 5.428 1
50.3837 -0.01327 -5.860 5.299 1
50.7173 -0.03132 -5.833 4.817 1
51.0510 -0.01024 -5.467 5.277 1
51.3847 -0.03658 -5.523 5.091 1
51.7183 -0.01966 -5.563 5.162 1
52.0520 -0.03849 -5.755 5.832 1
52.3857 -0.04235 -5.706 6.723 1
52.7193 -0.06898 -5.986 7.362 1
53.0530 -0.09826 -6.028 7.972 1
53.3867 -0.11923 -5.988 8.320 1
53.7203 -0.12205 -5.939 8.246 1
54.0540 -0.13015 -6.046 8.591 1
54.3877 -0.11047 -5.913 8.006 1
54.7213 -0.10577 -5.685 7.512 1
55.0550 -0.10368 -5.477 7.090 1
55.3887 -0.09033 -5.504 6.753 1
55.7223 -0.11018 -5.730 7.372 1
56.0560 -0.10400 -5.647 7.535 1
56.3897 -0.13723 -5.750 8.421 1
56.7233 -0.12595 -5.518 8.789 1
57.0570 -0.11831 -5.467 8.391 1
57.3907 -0.11286 -5.496 8.371 1
57.7243 -0.12507 -5.505 8.356 1
58.0580 -0.10597 -5.373 7.956 1
58.3917 -0.09433 -5.236 7.672 1
58.7253 -0.08843 -5.282 8.080 1
59.0590 -0.08189 -5.574 8.111 1
59.3927 -0.07672 -5.241 7.637 1
59.7263 -0.06452 -5.019 7.675 1
60.0600 -0.07841 -5.202 7.834 1
60.3937 -0.07912 -5.425 8.162 1
60.7273 -0.07419 -5.582 7.328 1
61.0610 -0.06471 -6.033 7.159 1
61.3947 -0.05705 -6.549 6.957 1
61.7283 -0.05434 -6.895 8.293 1
62.0620 -0.06389 -7.295 7.944 1
62.3957 -0.06789 -7.494 7.878 1
62.7293 -0.06676 -7.741 7.217 1
63.0630 -0.05522 -7.531 6.546 1
63.3967 -0.03766 -7.616 6.826 1
63.7303 -0.02955 -8.061 6.478 1
64.0640 -0.08072 -8.635 6.969 1
64.3977 -0.10807 -9.161 7.533 1
64.7313 -0.09929 -9.102 7.223 1
65.0650 -0.08816 -9.044 7.343 1
65.3987 -0.08252 -8.855 6.845 1
65.7323 -0.06870 -8.650 6.503 1
66.0660 -0.06402 -8.676 5.935 1
66.3997 -0.06173 -8.681 5.546 1
66.7333 -0.06291 -8.642 5.261 1
67.0670 -0.09567 -8.718 4.702 1
67.4007 -0.07733 -8.611 4.401 1
67.7343 -0.08977 -8.657 5.795 1
68.0680 -0.13026 -8.787 6.525 1
68.4017 -0.12472 -8.706 5.613 1
68.7353 -0.11913 -8.470 5.580 1
69.0690 -0.10881 -8.129 4.986 1
69.4027 -0.10125 -8.023 5.183 1
69.7363 -0.09479 -8.141 5.591 1
70.0700 -0.09109 -8.218 6.211 1
70.4037 -0.07599 -7.945 7.245 1
70.7373 -0.06943 -7.875 7.077 1
71.0710 -0.07025 -7.546 6.936 1
71.4047 -0.06349 -7.482 6.673 1
71.7383 -0.06101 -7.252 6.274 1
72.0720 -0.05102 -7.189 5.872 1
72.4057 -0.03526 -7.120 5.676 1
72.7393 -0.04585 -7.296 5.450 1
73.0730 -0.05297 -7.303 6.253 1
73.4067 -0.04102 -6.972 6.437 1
73.7403 -0.05862 -7.066 7.295 1
74.0740 -0.05682 -7.062 7.580 1
74.4077 -0.06240 -7.016 6.907 1
74.7413 -0.08006 -6.946 7.340 1
75.0750 -0.10178 -7.162 7.849 1
75.4087 -0.11205 -7.337 6.645 1
75.7423 -0.08662 -7.198 6.646 1
76.0760 -0.09064 -7.325 6.667 1
76.4097 -0.10295 -7.649 6.551 1
76.7433 -0.09241 -7.588 6.191 1
77.0770 -0.10858 -7.816 7.520 1
77.4107 -0.11556 -8.077 7.018 1
77.7443 -0.10766 -7.908 6.484 1
78.0780 -0.08965 -7.606 6.770 1
78.4117 -0.09518 -7.730 6.685 1
78.7453 -0.09608 -7.771 6.402 1
79.0790 -0.09858 -7.915 6.603 1
79.4127 -0.10448 -7.855 6.224 1
79.7463 -0.10980 -8.136 6.189 1
80.0800 -0.10924 -8.364 5.878 1
80.4137 -0.09793 -8.403 5.758 1
80.7473 -0.10281 -8.487 4.405 1
81.0810 -0.07815 -8.511 4.770 1
81.4147 -0.10967 -9.066 4.976 1
81.7483 -0.12601 -9.398 5.383 1
82.0820 -0.11301 -9.445 5.431 1
82.4157 -0.14763 -9.762 6.159 1
82.7493 -0.18308 -9.907 6.903 1
83.0830 -0.23247 -10.145 6.944 1
83.4167 -0.23613 -10.113 7.069 1
83.7503 -0.24795 -10.109 6.797 1
84.0840 -0.24120 -9.916 6.531 1
84.4177 -0.23552 -9.959 7.846 1
84.7513 -0.23159 -9.953 8.221 1
85.0850 -0.22303 -9.828 8.300 1
85.4187 -0.20508 -9.691 9.298 1
85.7523 -0.22405 -9.730 10.281 1
86.0860 -0.23177 -9.725 10.615 1
86.4197 -0.22064 -9.672 10.525 1
86.7533 -0.23361 -9.493 9.973 1
87.0870 -0.20823 -9.074 10.228 1
87.4207 -0.21536 -9.101 10.540 1
87.7543 -0.21890 -9.161 10.198 1
88.0880 -0.21011 -9.326 10.247 1
88.4217 -0.21183 -9.367 9.649 1
88.7553 -0.18888 -9.200 9.407 1
89.0890 -0.17675 -9.193 8.855 1
89.4227 -0.16964 -9.316 8.471 1
89.7563 -0.14546 -9.097 8.042 1
90.0900 -0.13500 -8.876 7.760 1
90.4237 -0.15549 -8.980 8.199 1
90.7573 -0.15644 -9.009 8.068 1
91.0910 -0.17794 -9.231 8.306 1
91.4247 -0.20681 -9.403 8.387 1
91.7583 -0.19535 -9.424 7.973 1
92.0920 -0.18384 -9.196 7.687 1
92.4257 -0.19027 -9.212 7.933 1
92.7593 -0.19130 -9.174 7.801 1
93.0930 -0.18120 -8.963 7.668 1
93.4267 -0.18616 -9.019 7.592 1
93.7603 -0.20533 -9.102 8.640 1
94.0940 -0.22993 -8.999 9.143 1
94.4277 -0.21923 -8.594 9.283 1
94.7613 -0.24249 -8.712 9.521 1
95.0950 -0.24598 -8.915 9.379 1
95.4287 -0.24300 -8.853 8.990 1
95.7623 -0.26110 -8.918 9.420 1
96.0960 -0.24692 -8.967 9.199 1
96.4297 -0.25144 -8.989 9.808 1
96.7633 -0.27265 -9.406 10.149 1
97.0970 -0.27326 -9.248 9.740 1
97.4307 -0.25363 -9.067 9.749 1
97.7643 -0.24165 -9.115 10.010 1
98.0980 -0.25061 -9.430 9.701 1
98.4317 -0.28606 -9.755 10.146 1
98.7653 -0.29380 -9.652 10.020 1
99.0990 -0.30961 -9.518 9.873 1
99.4327 -0.30863 -9.633 10.038 1
99.7663 -0.30991 -9.694 9.612 1
100.1000 -0.31594 -9.800 9.354 1
100.4337 -0.31537 -9.651 8.995 1
100.7673 -0.30114 -9.487 8.988 1
101.1010 -0.29174 -9.435 8.698 1
101.4347 -0.27365 -9.210 8.289 1
101.7683 -0.27634 -9.262 8.279 1
102.1020 -0.26829 -9.239 9.099 1
102.4357 -0.26487 -9.208 9.083 1
102.7693 -0.25007 -9.125 8.654 1
103.1030 -0.25049 -9.099 8.210 1
103.4367 -0.25002 -9.068 7.922 1
103.7703 -0.23605 -8.948 8.277 1
104.1040 -0.22232 -8.957 8.635 1
104.4377 -0.23518 -9.224 8.504 1
104.7713 -0.21939 -9.184 8.049 1
105.1050 -0.20291 -9.166 7.694 1
105.4387 -0.21147 -9.440 7.397 1
105.7723 -0.21298 -9.405 7.099 1
106.1060 -0.19505 -9.147 7.387 1
106.4397 -0.17804 -8.972 6.577 1
106.7733 -0.15841 -8.947 6.033 1
107.1070 -0.13915 -8.879 6.253 1
107.4407 -0.14892 -9.192 6.096 1
107.7743 -0.14564 -9.127 6.170 1
108.1080 -0.13282 -8.619 5.294 1
108.4417 -0.12020 -8.199 5.356 1
108.7753 -0.11623 -7.993 5.572 1
109.1090 -0.10993 -7.986 6.288 1
109.4427 -0.11226 -7.950 6.486 1
109.7763 -0.10476 -7.777 6.217 1
110.1100 -0.08892 -7.501 5.574 1
110.4437 -0.07750 -7.239 4.658 1
110.7773 -0.09389 -7.391 5.556 1
111.1110 -0.10265 -7.595 5.086 1
111.4447 -0.10367 -7.736 4.334 1
111.7783 -0.09880 -8.018 4.715 1
112.1120 -0.08170 -8.006 4.303 1
112.4457 -0.08858 -8.165 4.430 1
112.7793 -0.07909 -7.991 4.280 1
113.1130 -0.06327 -7.703 3.692 1
113.4467 -0.06925 -7.681 4.342 1
113.7803 -0.07397 -7.747 4.082 1
114.1140 -0.07469 -7.199 3.146 1
114.4477 -0.06633 -6.096 2.029 1
114.7813 -0.07144 -5.740 1.365 1
115.1150 -0.04043 -5.662 0.967 1
115.4487 -0.02879 -5.797 0.467 1
115.7823 -0.05104 -5.983 1.068 1
116.1160 -0.04170 -5.987 0.504 1
116.4497 -0.02050 -5.737 -0.145 1
116.7833 -0.00441 -5.557 -0.281 1
117.1170 -0.02312 -5.558 -0.351 1
117.4507 -0.01397 -5.387 0.034 1
117.7843 -0.00327 -5.234 -0.362 1
118.1180 0.00135 -5.087 -0.322 1
118.4517 0.01734 -4.731 -0.694 1
118.7853 0.02470 -4.656 -0.946 1
119.1190 0.03076 -4.516 -0.782 1
119.4527 0.04226 -4.425 -0.615 1
119.7863 0.04509 -4.411 -0.875 1
120.1200 0.01090 -4.586 -0.677 1
120.4537 0.02213 -4.515 -0.718 1
120.7873 0.03686 -4.467 -0.790 1
121.1210 0.04398 -4.323 -1.072 1
121.4547 0.05281 -4.207 -1.123 1
121.7883 0.03151 -4.333 -0.534 1
122.1220 0.02104 -4.391 -0.589 1
122.4557 0.02014 -4.319 -0.419 1
122.7893 0.02630 -4.461 0.180 1
123.1230 0.04208 -4.461 0.798 1
123.4567 0.04780 -4.353 0.948 1
123.7903 0.06720 -4.072 1.488 1
124.1240 0.05618 -4.016 1.340 1
124.4577 0.04777 -3.943 1.477 1
124.7913 0.06717 -3.783 1.177 1
125.1250 0.03820 -3.738 1.266 1
125.4587 0.01603 -3.700 1.093 1
125.7923 0.02813 -3.476 1.377 1
126.1260 0.02742 -3.310 1.917 1
126.4597 0.02884 -3.151 1.636 1
126.7933 0.04333 -3.027 1.694 1
127.1270 0.01743 -3.124 2.008 1
127.4607 0.02191 -2.878 1.906 1
127.7943 0.00776 -2.854 1.811 1
128.1280 -0.00146 -2.571 2.264 1
128.4617 -0.01034 -2.316 2.592 1
128.7953 0.00465 -2.076 2.801 1
129.1290 0.02035 -1.817 2.541 1
129.4627 0.01627 -1.761 2.655 1
129.7963 0.02003 -1.454 2.334 1
130.1300 0.04343 -1.259 2.047 1
130.4637 0.01620 -1.374 2.353 1
130.7973 -0.00116 -1.467 2.218 1
131.1310 -0.00028 -1.288 2.339 1
131.4647 0.00851 -1.050 2.477 1
131.7983 0.02623 -0.634 2.404 1
132.1320 0.03111 -0.506 2.157 1
132.4657 0.04421 -0.315 1.744 1
132.7993 0.05140 -0.180 1.490 1
133.1330 0.03963 -0.040 1.479 1
133.4667 0.05447 0.132 1.155 1
133.8003 0.05485 0.402 0.834 1
134.1340 0.07329 0.737 0.709 1
134.4677 0.07477 0.965 0.307 1
134.8013 0.09876 1.148 -0.060 1
135.1350 0.10406 1.209 -0.413 1
135.4687 0.11291 1.417 0.165 1
135.8023 0.13260 1.879 1.240 1
136.1360 0.14279 2.298 1.343 1
136.4697 0.14696 2.663 1.343 1
136.8033 0.15091 3.083 1.217 1
137.1370 0.18654 3.518 0.598 1
137.4707 0.20433 3.743 0.210 1
137.8043 0.22012 4.077 -0.234 1
138.1380 0.19091 4.225 0.598 1
138.4717 0.18046 4.365 0.886 1
138.8053 0.15923 4.699 1.082 1
139.1390 0.16257 4.964 1.316 1
139.4727 0.18594 5.574 0.987 1
139.8063 0.21815 6.048 0.540 1
140.1400 0.22592 6.391 0.044 1
140.4737 0.22967 6.789 -0.330 1
140.8073 0.25301 7.108 -0.736 1
141.1410 0.26116 7.374 -0.911 1
141.4747 0.25946 7.656 -1.222 1
141.8083 0.25425 8.046 -1.021 1
142.1420 0.25170 8.245 -0.163 1
142.4757 0.24066 8.534 0.027 1
142.8093 0.24312 8.942 0.262 1
143.1430 0.24134 8.883 0.265 1
143.4767 0.26197 8.877 0.383 1
143.8103 0.26562 8.846 0.470 1
144.1440 0.24175 8.582 0.862 1
144.4777 0.24186 8.494 0.543 1
144.8113 0.21779 8.465 0.037 1
145.1450 0.24743 8.556 -0.578 1
145.4787 0.26035 8.661 -0.745 1
145.8123 0.26962 9.125 -1.074 1
146.1460 0.28338 9.183 -1.464 1
146.4797 0.29444 9.176 -1.808 1
146.8133 0.30872 9.397 -2.300 1
147.1470 0.30520 9.505 -2.479 1
147.4807 0.31548 9.636 -2.649 1
147.8143 0.32868 9.893 -2.532 1
148.1480 0.33314 9.848 -1.377 1
148.4817 0.34158 9.659 -1.744 1
148.8153 0.33296 9.754 -1.804 1
149.1490 0.35530 9.882 -1.701 1
149.4827 0.36596 9.966 -2.142 1
149.8163 0.36789 9.984 -1.868 1
150.1500 0.35278 9.951 -2.027 1
150.4837 0.36521 9.955 -2.504 1
150.8173 0.37291 9.939 -2.181 1
151.1510 0.38418 10.257 -2.520 1
151.4847 0.39534 10.297 -2.837 1
151.8183 0.40872 10.441 -3.100 1
152.1520 0.42551 10.425 -3.637 1
152.4857 0.43511 10.628 -4.090 1
152.8193 0.39021 10.500 -4.005 1
153.1530 0.33884 10.235 -3.692 1
153.4867 0.32540 10.003 -3.726 1
153.8203 0.32948 9.960 -3.951 1
154.1540 0.34067 10.070 -4.291 1
154.4877 0.35093 10.109 -4.691 1
154.8213 0.35674 10.218 -4.934 1
155.1550 0.36080 10.380 -4.349 1
155.4887 0.35963 10.279 -4.654 1
155.8223 0.34324 10.090 -4.748 1
156.1560 0.36146 10.301 -5.037 1
156.4897 0.34771 10.177 -4.790 1
156.8233 0.34397 10.262 -4.427 1
157.1570 0.35939 10.334 -4.052 1
157.4907 0.35589 10.203 -3.913 1
157.8243 0.35766 10.304 -4.114 1
158.1580 0.37403 10.614 -4.479 1
158.4917 0.39805 10.919 -4.871 1
158.8253 0.40620 10.553 -4.284 1
159.1590 0.41674 10.354 -4.572 1
159.4927 0.42156 10.406 -4.903 1
159.8263 0.40161 10.384 -4.964 1
160.1600 0.37764 10.395 -4.555 1
160.4937 0.38980 10.519 -4.856 1
160.8273 0.40334 10.415 -4.870 1
161.1610 0.39186 10.080 -4.931 1
161.4947 0.39952 10.227 -5.138 1
161.8283 0.40527 10.324 -5.109 1
162.1620 0.40810 10.408 -4.938 1
162.4957 0.42429 10.624 -4.114 1
162.8293 0.42974 10.455 -3.803 1
163.1630 0.42421 10.185 -3.255 1
163.4967 0.41730 10.179 -2.813 1
163.8303 0.42093 10.372 -2.370 1
164.1640 0.44247 10.291 -2.718 1
164.4977 0.45571 10.274 -2.572 1
164.8313 0.44777 10.127 -2.368 1
165.1650 0.44173 10.229 -1.980 1
165.4987 0.43659 10.245 -1.984 1
165.8323 0.43251 10.080 -1.422 1
166.1660 0.43604 10.055 -1.787 1
166.4997 0.44425 10.178 -2.012 1
166.8333 0.40509 10.106 -1.925 1
167.1670 0.40040 10.115 -1.811 1
167.5007 0.39665 10.189 -1.959 1
167.8343 0.41475 10.454 -2.328 1
168.1680 0.42429 10.670 -1.664 1
168.5017 0.44261 10.573 -1.627 1
168.8353 0.44514 10.519 -2.066 1
169.1690 0.45082 10.663 -2.688 1
169.5027 0.47155 10.767 -2.957 1
169.8363 0.47215 10.720 -2.690 1
170.1700 0.48301 10.867 -2.872 1
170.5037 0.48989 10.980 -3.147 1
170.8373 0.49579 10.918 -3.117 1
171.1710 0.50518 10.938 -3.528 1
171.5047 0.50376 11.153 -3.712 1
171.8383 0.52087 11.432 -3.636 1
172.1720 0.53982 11.248 -3.701 1
172.5057 0.52835 11.054 -3.930 1
172.8393 0.52021 10.932 -4.265 1
173.1730 0.51485 11.223 -5.196 1
173.5067 0.47888 10.487 -6.043 1
173.8403 0.48694 9.340 -5.975 1
174.1740 0.50291 8.866 -6.351 1
174.5077 0.49928 8.350 -6.808 1
174.8413 0.50131 7.986 -7.624 1
175.1750 0.51290 7.754 -6.414 1
175.5087 0.52841 7.646 -5.867 1
175.8423 0.50422 7.807 -7.410 1
176.1760 0.51429 9.687 -9.356 1
176.5097 0.55797 10.864 -9.895 1
176.8433 0.57822 10.074 -9.763 1
177.1770 0.57089 8.223 -10.272 1
177.5107 0.57371 7.461 -11.539 1
177.8443 0.58041 6.640 -12.207 1
178.1780 0.57542 5.430 -11.625 1
178.5117 0.57045 4.271 -10.418 1
178.8453 0.56238 3.230 -10.774 1
179.1790 0.53726 2.897 -10.994 1
179.5127 0.49122 2.651 -11.362 1
179.8463 0.46077 3.032 -11.328 1
180.1800 0.47685 5.294 -11.908 1
180.5137 0.47282 6.809 -12.221 1
180.8473 0.43708 7.231 -11.340 1
181.1810 0.41747 6.731 -10.908 1
181.5147 0.40937 5.854 -10.904 1
181.8483 0.44346 5.156 -11.810 1
182.1820 0.47228 3.792 -12.720 1
182.5157 0.48686 2.369 -12.289 1
182.8493 0.53676 1.121 -13.126 1
183.1830 0.53112 0.061 -13.571 1
183.5167 0.53430 -0.779 -14.175 1
183.8503 0.57887 -1.760 -15.260 1
184.1840 0.58568 -2.441 -15.754 1
184.5177 0.58079 -3.029 -16.023 1
184.8513 0.55821 -3.700 -16.130 1
185.1850 0.54531 -4.129 -15.846 1
185.5187 0.52889 -4.663 -14.945 1
185.8523 0.49305 -4.936 -14.859 1
186.1860 0.35975 -5.681 -13.904 1
186.5197 0.30692 -5.458 -13.598 1
186.8533 0.22722 -5.531 -12.331 1
187.1870 0.22260 -5.533 -11.769 1
187.5207 0.22943 -5.407 -11.591 1
187.8543 0.23716 -5.357 -11.272 1
188.1880 0.26396 -6.204 -10.860 1
188.5217 0.28869 -6.789 -10.671 1
188.8553 0.29731 -7.665 -10.861 1
189.1890 0.31118 -8.081 -10.203 1
189.5227 0.30273 -7.884 -10.467 1
189.8563 0.32627 -7.197 -11.072 1
190.1900 0.30074 -6.874 -11.284 1
190.5237 0.31216 -6.562 -11.771 1
190.8573 0.33959 -6.823 -11.712 1
191.1910 0.35361 -7.048 -11.665 1
191.5247 0.36702 -6.994 -11.640 1
191.8583 0.33061 -7.160 -10.939 1
192.1920 0.29388 -6.980 -10.201 1
192.5257 0.27215 -6.941 -9.554 1
192.8593 0.20802 -7.259 -6.939 1
193.1930 0.16909 -7.556 -6.510 1
193.5267 0.13248 -7.796 -6.019 1
193.8603 0.13603 -7.871 -5.728 1
194.1940 0.10541 -8.004 -4.953 1
194.5277 0.08958 -7.998 -3.831 1
194.8613 0.07214 -8.074 -3.443 1
195.1950 0.05096 -8.103 -3.435 1
195.5287 0.07023 -8.052 -3.083 1
195.8623 0.06158 -8.059 -2.911 1
196.1960 0.06409 -8.173 -3.097 1
196.5297 0.07277 -8.145 -2.886 1
196.8633 0.07415 -8.157 -3.061 1
197.1970 0.07715 -8.289 -2.225 1
197.5307 0.06384 -8.290 -2.190 1
197.8643 0.05882 -8.486 -2.402 1
198.1980 0.04514 -8.413 -1.975 1
198.5317 0.06015 -8.434 -1.515 1
198.8653 0.01866 -8.704 -0.915 1
199.1990 0.01025 -8.770 -0.991 1
199.5327 -0.01174 -8.915 -0.384 1
199.8663 -0.07583 -9.368 1.053 1
200.2000 -0.07897 -9.247 1.231 1
200.5337 -0.06119 -9.116 0.600 1
200.8673 -0.04182 -9.105 0.417 1
201.2010 -0.04187 -9.134 0.329 1
201.5347 -0.04731 -9.168 0.407 1
201.8683 -0.04256 -9.099 0.051 1
202.2020 -0.04536 -9.200 -0.449 1
202.5357 -0.01981 -9.316 -0.924 1
202.8693 -0.00033 -9.416 -1.420 1
203.2030 -0.00069 -9.488 -1.547 1
203.5367 -0.01349 -9.695 -1.414 1
203.8703 -0.01129 -9.803 -1.010 1
204.2040 0.00329 -9.852 -1.110 1
204.5377 0.01823 -9.969 -0.639 1
204.8713 0.02822 -10.258 -1.225 1
205.2050 0.03531 -9.800 -1.604 1
205.5387 0.06856 -9.184 -1.968 1
205.8723 0.09607 -9.390 -2.446 1
206.2060 0.10383 -10.006 -3.155 1
206.5397 0.10622 -10.048 -3.623 1
206.8733 0.10144 -9.763 -3.894 1
207.2070 0.13027 -9.286 -4.679 1
207.5407 0.16320 -8.621 -5.649 1
207.8743 0.17666 -8.816 -5.983 1
208.2080 0.18269 -9.065 -5.424 1
208.5417 0.19724 -9.020 -5.189 1
208.8753 0.19460 -8.557 -5.255 1
209.2090 0.19490 -7.541 -5.603 1
209.5427 0.18488 -6.129 -5.756 1
209.8763 0.18180 -4.372 -5.531 1
210.2100 0.15520 -3.457 -4.891 1
210.5437 0.13262 -3.261 -4.625 1
210.8773 0.13186 -3.814 -4.848 1
211.2110 0.16066 -4.552 -5.723 1
211.5447 0.17933 -5.544 -6.538 1
211.8783 0.17949 -6.668 -6.882 1
212.2120 0.19326 -7.641 -7.490 1
212.5457 0.17578 -8.689 -7.640 1
212.8793 0.16531 -9.304 -7.825 1
213.2130 0.17815 -9.465 -8.071 1
213.5467 0.15938 -9.704 -7.353 1
213.8803 0.16261 -9.647 -7.166 1
214.2140 0.19191 -9.438 -6.935 1
214.5477 0.19407 -9.286 -5.662 1
214.8813 0.16889 -9.390 -5.346 1
215.2150 0.17068 -9.342 -4.753 1
215.5487 0.16144 -9.336 -4.271 1
215.8823 0.16945 -9.253 -3.024 1
216.2160 0.16942 -9.156 -2.898 1
216.5497 0.11938 -9.241 -1.257 1
216.8833 0.09840 -9.285 0.308 1
217.2170 0.11050 -9.368 0.414 1
217.5507 0.10778 -9.397 0.766 1
217.8843 0.09166 -9.429 0.841 1
218.2180 0.09890 -9.339 0.568 1
218.5517 0.08487 -9.537 0.422 1
218.8853 0.09815 -9.457 -0.012 1
219.2190 0.07053 -9.435 0.716 1
219.5527 0.03066 -9.579 2.503 1
219.8863 0.03202 -9.552 2.474 1
220.2200 0.05202 -9.443 2.320 1
220.5537 0.06769 -9.276 2.311 1
220.8873 0.07942 -9.313 2.128 1
221.2210 0.09364 -9.249 1.903 1
221.5547 0.08356 -9.258 1.689 1
221.8883 0.05747 -9.542 1.756 1
222.2220 0.01602 -9.815 2.086 1
222.5557 0.02089 -9.816 2.616 1
222.8893 0.01671 -9.806 2.691 1
223.2230 0.03709 -9.790 2.320 1
223.5567 0.04461 -9.884 2.397 1
223.8903 0.05856 -9.872 2.740 1
224.2240 0.07058 -9.614 2.470 1
224.5577 0.07945 -9.476 2.314 1
224.8913 0.07370 -9.500 2.573 1
225.2250 0.06923 -9.488 3.315 1
225.5587 0.01254 -9.824 4.165 1
225.8923 0.00581 -9.837 4.523 1
226.2260 -0.00726 -9.895 4.635 1
226.5597 -0.01510 -9.916 4.447 1
226.8933 -0.03059 -9.955 4.376 1
227.2270 -0.05636 -9.927 4.494 1
227.5607 -0.06350 -9.965 4.575 1
227.8943 -0.08169 -9.942 4.752 1
228.2280 -0.06532 -9.882 4.527 1
228.5617 -0.07486 -9.995 4.419 1
228.8953 -0.09604 -9.980 4.375 1
229.2290 -0.11506 -10.034 4.315 1
229.5627 -0.10014 -9.920 3.912 1
229.8963 -0.11031 -9.931 4.375 1
230.2300 -0.11384 -9.944 4.179 1
230.5637 -0.14311 -9.762 4.239 1
230.8973 -0.19103 -9.693 4.361 1
231.2310 -0.18458 -9.837 3.750 1
231.5647 -0.15267 -9.781 3.205 1
231.8983 -0.13200 -9.801 2.426 1
232.2320 -0.11728 -9.633 1.861 1
232.5657 -0.10950 -9.301 1.834 1
232.8993 -0.08690 -9.037 2.743 1
233.2330 -0.07086 -8.790 3.324 1
233.5667 -0.07302 -8.856 3.507 1
233.9003 -0.06817 -8.837 3.217 1
234.2340 -0.05569 -8.815 3.090 1
234.5677 -0.08077 -8.893 3.470 1
234.9013 -0.07291 -8.863 3.401 1
235.2350 -0.09002 -8.884 4.225 1
235.5687 -0.08646 -8.896 3.879 1
235.9023 -0.07168 -8.887 3.531 1
236.2360 -0.06824 -8.927 3.168 1
236.5697 -0.07929 -8.915 3.638 1
236.9033 -0.09026 -8.980 4.261 1
237.2370 -0.08477 -9.024 4.376 1
237.5707 -0.10706 -9.162 4.749 1
237.9043 -0.11687 -9.244 4.932 1
238.2380 -0.13421 -9.147 6.233 1
238.5717 -0.11777 -9.172 5.625 1
238.9053 -0.12044 -9.412 5.281 1
239.2390 -0.11603 -9.510 5.610 1
239.5727 -0.14101 -9.565 6.266 1
239.9063 -0.13838 -9.678 6.298 1
240.2400 -0.14359 -9.595 6.061 1
240.5737 -0.13802 -8.331 6.033 1
240.9073 -0.11422 -6.867 5.794 1
241.2410 -0.10340 -6.584 5.725 1
241.5747 -0.09860 -6.496 5.332 1
241.9083 -0.07314 -6.182 4.449 1
242.2420 -0.09275 -6.030 4.615 1
242.5757 -0.16669 -6.080 5.686 1
242.9093 -0.20867 -6.515 6.303 1
243.2430 -0.17608 -6.706 5.293 1
243.5767 -0.15808 -6.526 4.572 1
243.9103 -0.16918 -6.455 4.973 1
244.2440 -0.18421 -6.456 5.343 1
244.5777 -0.15750 -6.691 4.429 1
244.9113 -0.13654 -6.761 3.492 1
245.2450 -0.12341 -6.489 4.841 1
245.5787 -0.11726 -6.262 4.557 1
245.9123 -0.10166 -6.122 4.793 1
246.2460 -0.07137 -5.942 4.290 1
246.5797 -0.05646 -5.839 3.742 1
246.9133 -0.05867 -5.693 3.406 1
247.2470 -0.06149 -5.544 4.242 1
247.5807 -0.04361 -5.499 4.022 1
247.9143 -0.04795 -5.639 3.510 1
248.2480 -0.04995 -5.626 4.046 1
248.5817 -0.04088 -5.760 3.943 1
248.9153 -0.03793 -5.896 3.513 1
249.2490 -0.03076 -5.709 4.626 1
249.5827 -0.03958 -5.763 4.295 1
249.9163 -0.05022 -6.022 4.511 1
250.2500 -0.09550 -6.289 5.892 1
250.5837 -0.11017 -6.457 6.285 1
250.9173 -0.10344 -6.588 6.127 1
251.2510 -0.14266 -6.759 6.766 1
251.5847 -0.12864 -6.717 6.203 1
251.9183 -0.12759 -6.633 6.147 1
252.2520 -0.14088 -6.565 6.527 1
252.5857 -0.11981 -6.650 5.748 1
252.9193 -0.11158 -6.701 5.268 1
253.2530 -0.11504 -6.560 5.174 1
253.5867 -0.11673 -6.450 5.028 1
253.9203 -0.10108 -6.308 4.598 1
254.2540 -0.08545 -6.408 4.319 1
254.5877 -0.07306 -6.337 4.154 1
254.9213 -0.07434 -6.212 4.434 1
255.2550 -0.07781 -5.874 4.474 1
255.5887 -0.07171 -5.744 4.644 1
255.9223 -0.05790 -5.878 4.279 1
256.2560 -0.05314 -5.843 3.823 1
256.5897 -0.04877 -5.553 3.866 1
256.9233 -0.03259 -5.811 3.429 1
257.2570 -0.01989 -5.825 3.080 1
257.5907 -0.03264 -5.888 3.070 1
257.9243 -0.04550 -5.729 3.463 1
258.2580 -0.07369 -5.702 4.207 1
258.5917 -0.06011 -5.595 3.904 1
258.9253 -0.04763 -5.427 3.600 1
259.2590 -0.02883 -5.367 3.321 1
259.5927 -0.06384 -5.440 3.579 1
259.9263 -0.06178 -5.307 3.989 1
260.2600 -0.09480 -5.377 4.489 1
260.5937 -0.09459 -5.291 4.530 1
260.9273 -0.08644 -5.140 4.691 1
261.2610 -0.06799 -4.993 4.530 1
261.5947 -0.10115 -4.984 4.763 1
261.9283 -0.08099 -4.943 4.418 1
262.2620 -0.09095 -5.028 4.170 1
262.5957 -0.10167 -5.077 4.075 1
262.9293 -0.09433 -5.042 3.859 1
263.2630 -0.09157 -5.065 3.801 1
263.5967 -0.07927 -5.121 3.499 1
263.9303 -0.07320 -5.002 3.692 1
264.2640 -0.05666 -4.772 3.327 1
264.5977 -0.03796 -4.656 3.699 1
264.9313 -0.05151 -4.674 3.646 1
265.2650 -0.08103 -4.693 3.845 1
265.5987 -0.05292 -4.666 3.093 1
265.9323 -0.05065 -4.674 2.831 1
266.2660 -0.03642 -4.478 3.162 1
266.5997 -0.02054 -4.484 2.785 1
266.9333 -0.02002 -4.463 2.587 1
267.2670 -0.02677 -4.319 2.775 1
267.6007 -0.00860 -4.313 2.201 1
267.9343 -0.03772 -4.361 2.312 1
268.2680 -0.06092 -4.350 3.299 1
268.6017 -0.08839 -4.231 3.332 1
268.9353 -0.07994 -4.134 4.018 1
269.2690 -0.08212 -4.059 3.701 1
269.6027 -0.08064 -3.941 4.074 1
269.9363 -0.06289 -4.030 4.197 1
270.2700 -0.04014 -3.900 3.716 1
270.6037 -0.01962 -4.025 3.615 1
270.9373 -0.01709 -4.105 3.396 1
271.2710 -0.02076 -3.945 3.488 1
271.6047 -0.02758 -3.872 3.555 1
271.9383 -0.00631 -4.032 2.704 1
272.2720 0.01538 -4.005 2.000 1
272.6057 -0.01960 -4.302 1.919 1
272.9393 -0.01833 -4.199 1.879 1
273.2730 -0.00471 -4.002 1.294 1
273.6067 -0.02832 -3.968 1.912 1
273.9403 -0.02953 -3.882 2.099 1
274.2740 -0.03731 -3.830 2.542 1
274.6077 -0.01224 -3.753 2.476 1
274.9413 -0.02821 -3.807 2.595 1
275.2750 -0.05645 -3.886 3.551 1
275.6087 -0.05765 -3.823 3.754 1
275.9423 -0.08377 -3.859 4.326 1
276.2760 -0.09430 -3.929 4.361 1
276.6097 -0.07487 -3.816 4.547 1
276.9433 -0.05299 -3.522 4.472 1
277.2770 -0.03825 -3.398 4.110 1
277.6107 -0.02094 -3.349 3.488 1
277.9443 -0.06283 -3.495 3.564 1
278.2780 -0.05021 -3.670 3.018 1
278.6117 -0.07093 -3.768 2.868 1
278.9453 -0.05449 -3.669 2.356 1
279.2790 -0.06233 -3.620 2.872 1
279.6127 -0.05627 -3.428 2.784 1
279.9463 -0.05945 -3.406 2.857 1
280.2800 -0.08009 -3.481 3.014 1
280.6137 -0.07550 -3.413 2.718 1
280.9473 -0.06459 -3.344 2.248 1
281.2810 -0.04967 -3.217 2.081 1
281.6147 -0.04703 -3.149 2.043 1
281.9483 -0.02646 -3.230 1.524 1
282.2820 -0.02619 -3.264 1.561 1
282.6157 -0.03765 -3.226 1.568 1
282.9493 -0.02557 -2.924 2.515 1
283.2830 -0.01818 -2.869 2.789 1
283.6167 -0.03055 -2.753 3.157 1
283.9503 -0.01582 -2.882 2.605 1
284.2840 0.00033 -2.646 2.179 1
284.6177 -0.00141 -2.579 2.995 1
284.9513 0.00104 -2.502 3.165 1
285.2850 -0.00350 -2.393 3.412 1
285.6187 0.00072 -2.183 3.418 1
285.9523 0.01334 -1.939 2.943 1
286.2860 0.01748 -1.766 2.501 1
286.6197 0.02439 -1.667 2.037 1
286.9533 -0.00143 -1.785 2.028 1
287.2870 -0.00337 -1.702 1.817 1
287.6207 -0.03298 -1.791 2.761 1
287.9543 -0.02415 -1.820 2.531 1
288.2880 -0.02521 -1.826 2.347 1
288.6217 -0.03886 -2.111 2.444 1
288.9553 -0.02957 -2.250 2.300 1
289.2890 -0.03395 -2.339 2.052 1
289.6227 -0.01846 -2.396 1.619 1
289.9563 -0.00688 -2.586 1.417 1
290.2900 -0.01077 -2.596 2.693 1
290.6237 -0.00925 -2.420 2.767 1
290.9573 -0.00575 -2.487 2.655 1
291.2910 0.01645 -2.400 2.062 1
291.6247 0.02050 -2.364 2.092 1
291.9583 -0.00452 -2.404 2.600 1
292.2920 -0.00477 -2.195 2.794 1
292.6257 0.00245 -1.963 3.295 1
292.9593 -0.01005 -1.808 3.201 1
293.2930 -0.01165 -1.583 3.044 1
293.6267 -0.00780 -1.447 2.951 1
293.9603 0.00998 -1.483 2.354 1
294.2940 0.01765 -1.488 2.155 1
294.6277 0.02326 -1.574 1.906 1
294.9613 0.03189 -1.620 1.571 1
295.2950 0.01516 -1.808 1.390 1
295.6287 -0.01015 -2.000 1.413 1
295.9623 -0.01881 -1.887 1.221 1
296.2960 0.00103 -1.858 1.289 1
296.6297 0.00894 -1.956 0.944 1
296.9633 0.02206 -1.658 0.684 1
297.2970 0.03435 -1.600 0.662 1
297.6307 0.03815 -1.713 0.920 1
297.9643 0.04434 -1.548 0.573 1
298.2980 0.02367 -1.595 0.663 1
298.6317 -0.00473 -1.775 1.461 1
298.9653 -0.00106 -1.568 1.495 1
299.2990 0.01448 -1.410 1.105 1
299.6327 0.01815 -1.195 1.353 1
299.9663 0.01634 -1.013 1.867 1
300.3000 0.03468 -1.062 1.082 1
300.6337 0.02524 -0.876 0.815 1
300.9673 -0.00901 -1.043 2.199 1
301.3010 -0.02092 -1.179 1.984 1
301.6347 -0.02970 -1.152 1.820 1
301.9683 -0.01903 -0.926 1.738 1
302.3020 -0.01277 -0.818 2.065 1
302.6357 -0.01132 -0.628 1.723 1
302.9693 0.00503 -0.404 1.304 1
303.3030 0.01985 -0.289 0.657 1
303.6367 0.03223 -0.259 0.196 1
303.9703 0.04313 -0.292 0.104 1
304.3040 0.03826 -0.371 -0.019 1
304.6377 0.04572 -0.162 -0.071 1
304.9713 0.04714 -0.043 -0.156 1
305.3050 0.05512 0.123 0.524 1
305.6387 0.05371 0.187 0.918 1
305.9723 0.05897 0.243 0.943 1
306.3060 0.07046 0.223 1.421 1
306.6397 0.04931 0.177 2.187 1
306.9733 0.04837 0.281 2.172 1
307.3070 0.06183 0.188 1.636 1
307.6407 0.02176 -0.095 1.906 1
307.9743 -0.02295 -0.172 2.216 1
308.3080 -0.02093 -0.144 2.390 1
308.6417 -0.00772 0.007 2.022 1
308.9753 0.00759 0.063 1.698 1
309.3090 0.00868 0.123 1.295 1
309.6427 0.01144 0.023 1.043 1
309.9763 0.03007 0.087 0.727 1
310.3100 0.03269 0.114 0.794 1
310.6437 0.02338 -0.013 1.771 1
310.9773 0.02823 0.104 1.361 1
311.3110 0.03169 0.086 1.102 1
311.6447 0.04020 0.220 0.892 1
311.9783 0.05599 0.244 0.618 1
312.3120 0.06243 0.365 0.677 1
312.6457 0.02565 0.292 0.917 1
312.9793 0.04111 0.442 0.756 1
313.3130 0.02995 0.417 0.798 1
313.6467 0.03280 0.654 0.710 1
313.9803 0.05338 0.614 -0.035 1
314.3140 0.04837 0.535 -0.314 1
314.6477 0.06276 0.691 -0.565 1
314.9813 0.07052 0.771 -1.026 1
315.3150 0.06897 0.695 -0.913 1
315.6487 0.04920 0.524 -0.676 1
315.9823 0.06889 0.716 -0.914 1
316.3160 0.08634 0.959 -1.188 1
316.6497 0.08065 1.069 -0.945 1
316.9833 0.09181 1.151 -0.906 1
317.3170 0.07441 0.976 -0.947 1
317.6507 0.07794 0.974 -1.088 1
317.9843 0.04129 0.607 -0.014 1
318.3180 0.03210 0.506 0.563 1
318.6517 0.03359 0.523 1.245 1
318.9853 0.04096 0.701 1.833 1
319.3190 0.05252 0.776 1.723 1
319.6527 0.05315 0.776 1.615 1
319.9863 0.06565 0.850 1.039 1
320.3200 0.07245 0.896 0.502 1
320.6537 0.06513 0.917 0.586 1
320.9873 0.04018 0.766 0.762 1
321.3210 0.05202 1.114 0.639 1
321.6547 0.03961 1.171 0.951 1
321.9883 0.03102 1.260 0.843 1
322.3220 0.03720 1.522 0.439 1
322.6557 0.04961 1.596 -0.065 1
322.9893 0.06568 1.784 -0.013 1
323.3230 0.06985 1.769 -0.145 1
323.6567 0.07490 1.993 0.801 1
323.9903 0.08663 1.887 0.335 1
324.3240 0.07882 1.828 -0.064 1
324.6577 0.08923 1.824 -0.171 1
324.9913 0.09708 1.984 -0.350 1
325.3250 0.09792 2.000 -0.672 1
325.6587 0.09728 2.109 -0.434 1
325.9923 0.09055 2.062 -0.468 1
326.3260 0.09576 2.197 -0.280 1
326.6597 0.10373 2.363 0.534 1
326.9933 0.08871 2.339 0.826 1
327.3270 0.09212 2.254 0.753 1
327.6607 0.07933 2.090 0.592 1
327.9943 0.07259 2.167 0.407 1
328.3280 0.07744 2.162 0.041 1
328.6617 0.08258 2.445 0.052 1
328.9953 0.07695 2.397 -0.321 1
329.3290 0.05727 2.273 -0.119 1
329.6627 0.05145 2.548 -0.091 1
329.9963 0.03880 3.096 0.167 1
330.3300 0.03799 3.303 0.285 1
330.6637 0.04786 3.680 0.596 1
330.9973 0.05824 4.157 0.503 1
331.3310 0.06076 4.726 0.277 1
331.6647 0.07363 5.003 -0.179 1
331.9983 0.08908 4.863 -0.828 1
332.3320 0.07950 4.131 -1.112 1
332.6657 0.09101 3.612 -1.315 1
332.9993 0.10844 3.025 -1.870 1
333.3330 0.10167 2.486 -2.185 1
333.6667 0.11694 2.418 -1.485 1
334.0003 0.12030 2.368 -1.538 1
334.3340 0.13502 2.342 -1.665 1
334.6677 0.12308 2.320 -1.277 1
335.0013 0.12023 2.219 -1.037 1
335.3350 0.12435 2.324 -1.073 1
335.6687 0.13039 2.460 -1.405 1
336.0023 0.13217 2.566 -1.420 1
336.3360 0.12980 2.673 -0.606 1
336.6697 0.11081 2.690 -0.631 1
337.0033 0.11165 2.847 -0.606 1
337.3370 0.11928 2.873 -0.870 1
337.6707 0.10846 2.851 -0.971 1
338.0043 0.12664 2.916 -1.319 1
338.3380 0.10367 2.810 -0.890 1
338.6717 0.11824 2.747 -0.772 1
339.0053 0.12055 2.607 -0.791 1
339.3390 0.10109 2.525 -0.559 1
339.6727 0.09579 2.453 -0.659 1
340.0063 0.11389 2.491 -0.753 1
340.3400 0.10887 2.551 -0.933 1
340.6737 0.11853 2.596 -1.261 1
341.0073 0.07574 2.407 -1.059 1
341.3410 0.06896 2.266 -1.112 1
341.6747 0.06094 2.307 -1.123 1
342.0083 0.05094 2.399 -1.196 1
342.3420 0.06413 2.438 -1.532 1
342.6757 0.06397 2.585 -1.528 1
343.0093 0.07826 2.516 -2.109 1
343.3430 0.07392 2.447 -2.523 1
343.6767 0.07868 2.808 -2.523 1
344.0103 0.08872 3.136 -1.735 1
344.3440 0.08503 3.535 -1.426 1
344.6777 0.09897 4.076 -1.813 1
345.0113 0.11345 4.575 -2.295 1
345.3450 0.10826 4.983 -1.384 1
345.6787 0.08555 5.304 -0.711 1
346.0123 0.07684 5.292 -0.458 1
346.3460 0.09347 5.451 -1.014 1
346.6797 0.10598 5.689 -1.779 1
347.0133 0.11639 5.789 -2.388 1
347.3470 0.11753 5.586 -2.018 1
347.6807 0.12371 5.610 -1.907 1
348.0143 0.12512 5.462 -2.040 1
348.3480 0.12177 5.270 -1.070 1
348.6817 0.12209 5.133 -0.735 1
349.0153 0.11797 5.221 -0.365 1
349.3490 0.09767 5.091 0.592 1
349.6827 0.08244 4.845 1.398 1
350.0163 0.08027 4.460 1.374 1
350.3500 0.09931 4.550 0.499 1
350.6837 0.11116 4.411 -0.457 1
351.0173 0.13262 4.178 -1.416 1
351.3510 0.15472 4.209 -2.321 1
351.6847 0.16960 4.191 -2.783 1
352.0183 0.19045 4.423 -3.627 1
352.3520 0.20291 4.586 -3.947 1
352.6857 0.20438 4.715 -4.335 1
353.0193 0.21847 4.735 -4.906 1
353.3530 0.19900 4.800 -3.731 1
353.6867 0.18186 4.802 -3.312 1
354.0203 0.15315 4.864 -3.007 1
354.3540 0.16033 4.909 -2.821 1
354.6877 0.14145 4.794 -2.526 1
355.0213 0.14941 4.905 -2.494 1
355.3550 0.17112 5.138 -2.354 1
355.6887 0.18684 5.257 -2.928 1
356.0223 0.18214 5.117 -3.022 1
356.3560 0.18828 5.147 -3.008 1
356.6897 0.15944 4.938 -2.983 1
357.0233 0.17478 4.918 -2.908 1
357.3570 0.17364 4.985 -3.112 1
357.6907 0.18882 5.148 -3.749 1
358.0243 0.16620 5.068 -3.155 1
358.3580 0.14367 5.229 -3.147 1
358.6917 0.16387 5.456 -3.313 1
359.0253 0.12885 5.399 -2.781 1
359.3590 0.10199 5.380 -1.668 1
359.6927 0.10639 5.568 -0.975 1
360.0263 0.12211 5.747 -1.256 1
360.3600 0.12605 5.789 -1.756 1
360.6937 0.11304 5.655 -1.860 1
361.0273 0.12255 5.533 -1.585 1
361.3610 0.14194 5.677 -2.070 1
361.6947 0.12851 5.740 -1.712 1
362.0283 0.14663 5.826 -2.020 1
362.3620 0.17290 6.006 -1.731 1
362.6957 0.16632 5.959 -1.785 1
363.0293 0.17239 5.858 -1.814 1
363.3630 0.15325 5.848 -1.724 1
363.6967 0.15501 5.937 -1.586 1
364.0303 0.14523 5.982 -1.415 1
364.3640 0.12609 5.915 -1.143 1
364.6977 0.15112 5.976 -1.459 1
365.0313 0.16565 5.867 -1.940 1
365.3650 0.16751 5.690 -2.180 1
365.6987 0.16039 5.607 -2.330 1
366.0323 0.10399 5.275 -1.961 1
366.3660 0.10431 5.062 -2.277 1
366.6997 0.08982 4.974 -2.422 1
367.0333 0.08156 4.935 -2.429 1
367.3670 0.08735 5.114 -2.503 1
367.7007 0.08689 5.129 -2.288 1
368.0343 0.10310 4.914 -2.818 1
368.3680 0.12822 5.044 -3.506 1
368.7017 0.14624 5.458 -3.062 1
369.0353 0.15197 5.842 -2.809 1
369.3690 0.17300 6.146 -3.340 1
369.7027 0.17779 6.250 -3.727 1
370.0363 0.17855 6.466 -3.959 1
370.3700 0.18530 6.687 -3.883 1
370.7037 0.18480 6.897 -4.202 1
371.0373 0.18712 7.100 -4.620 1
371.3710 0.19735 7.202 -4.895 1
371.7047 0.20767 7.349 -4.725 1
372.0383 0.19565 7.294 -3.931 1
372.3720 0.19814 7.287 -3.775 1
372.7057 0.18373 7.414 -2.375 1
373.0393 0.15596 7.394 -1.865 1
373.3730 0.17204 7.071 -2.452 1
373.7067 0.17522 7.123 -2.789 1
374.0403 0.18838 7.091 -2.946 1
374.3740 0.17959 7.115 -3.008 1
374.7077 0.18707 7.286 -2.999 1
375.0413 0.19607 7.132 -3.368 1
375.3750 0.21503 7.151 -3.681 1
375.7087 0.20137 7.274 -3.025 1
376.0423 0.21602 7.536 -3.403 1
376.3760 0.21306 7.696 -3.480 1
376.7097 0.19493 7.793 -3.132 1
377.0433 0.17240 7.766 -3.004 1
377.3770 0.17036 8.011 -2.981 1
377.7107 0.17200 7.952 -3.295 1
378.0443 0.17868 7.850 -3.356 1
378.3780 0.18743 7.993 -3.685 1
378.7117 0.19015 7.869 -3.987 1
379.0453 0.17316 7.663 -2.853 1
379.3790 0.16711 7.557 -2.805 1
379.7127 0.17370 7.633 -2.651 1
380.0463 0.17499 7.551 -2.768 1
380.3800 0.18951 7.405 -3.184 1
380.7137 0.19156 7.417 -3.322 1
381.0473 0.20572 7.443 -3.730 1
381.3810 0.20474 7.601 -4.128 1
381.7147 0.20694 7.664 -4.342 1
382.0483 0.19835 7.838 -4.389 1
382.3820 0.20511 8.103 -4.650 1
382.7157 0.22727 8.160 -5.433 1
383.0493 0.21733 7.924 -5.879 1
383.3830 0.20854 7.931 -5.630 1
383.7167 0.21854 7.957 -4.970 1
384.0503 0.19804 7.922 -4.715 1
384.3840 0.20278 7.975 -4.586 1
384.7177 0.19240 7.790 -4.512 1
385.0513 0.19340 7.902 -4.700 1
385.3850 0.21465 7.927 -5.519 1
385.7187 0.21965 8.044 -5.271 1
386.0523 0.20707 8.075 -4.937 1
386.3860 0.21298 8.186 -5.221 1
386.7197 0.21688 7.999 -5.062 1
387.0533 0.23197 8.036 -5.028 1
387.3870 0.21755 7.903 -4.589 1
387.7207 0.19438 7.801 -4.221 1
388.0543 0.19907 7.783 -3.240 1
388.3880 0.20146 7.981 -2.520 1
388.7217 0.19350 8.086 -1.920 1
389.0553 0.20395 8.241 -1.778 1
389.3890 0.20316 8.167 -2.223 1
389.7227 0.20547 8.279 -2.287 1
390.0563 0.20647 8.476 -2.448 1
390.3900 0.20747 8.722 -2.380 1
390.7237 0.19991 8.773 -2.816 1
391.0573 0.21810 9.041 -3.441 1
391.3910 0.21419 9.088 -3.646 1
391.7247 0.22067 9.302 -3.999 1
392.0583 0.19731 9.193 -3.803 1
392.3920 0.20969 9.417 -4.119 1
392.7257 0.20022 9.432 -4.318 1
393.0593 0.19992 9.610 -4.231 1
393.3930 0.21253 9.460 -4.749 1
393.7267 0.22120 9.606 -4.284 1
394.0603 0.20630 9.633 -4.301 1
394.3940 0.22537 9.731 -4.765 1
394.7277 0.21555 9.746 -4.980 1
395.0613 0.19957 9.624 -5.020 1
395.3950 0.21376 9.579 -5.414 1
395.7287 0.22498 9.617 -5.592 1
396.0623 0.23449 9.698 -5.710 1
396.3960 0.21946 9.634 -5.503 1
396.7297 0.22187 9.664 -4.846 1
397.0633 0.21441 9.714 -4.440 1
397.3970 0.22201 9.879 -4.105 1
397.7307 0.20252 9.789 -3.653 1
398.0643 0.22185 9.849 -4.083 1
398.3980 0.22617 9.888 -4.604 1
398.7317 0.22428 9.822 -4.910 1
399.0653 0.20979 9.802 -4.739 1
399.3990 0.22946 9.759 -4.888 1
399.7327 0.22411 9.692 -4.485 1
400.0663 0.23180 9.724 -4.707 1
400.4000 0.24451 9.793 -5.020 1
400.7337 0.24382 9.742 -4.885 1
401.0673 0.25807 9.854 -4.509 1
401.4010 0.22060 9.704 -4.350 1
401.7347 0.23082 9.742 -4.710 1
402.0683 0.21159 9.929 -4.411 1
402.4020 0.23532 9.754 -5.152 1
402.7357 0.25306 9.741 -5.648 1
403.0693 0.26249 9.756 -5.770 1
403.4030 0.27739 9.761 -5.902 1
403.7367 0.27477 9.860 -5.291 1
404.0703 0.27481 9.874 -5.422 1
404.4040 0.28020 10.104 -5.496 1
404.7377 0.27388 10.143 -4.794 1
405.0713 0.27775 10.167 -4.998 1
405.4050 0.29139 10.356 -4.963 1
405.7387 0.25210 10.183 -4.861 1
406.0723 0.24177 10.240 -4.853 1
406.4060 0.23046 10.376 -4.663 1
406.7397 0.24539 10.319 -5.026 1
407.0733 0.25358 10.355 -5.134 1
407.4070 0.26255 10.316 -5.483 1
407.7407 0.24318 10.387 -5.580 1
408.0743 0.23489 10.396 -5.694 1
408.4080 0.23535 10.487 -5.853 1
408.7417 0.22349 10.670 -5.691 1
409.0753 0.22237 10.802 -5.369 1
409.4090 0.23139 10.922 -5.565 1
409.7427 0.24613 10.998 -5.816 1
410.0763 0.23628 10.905 -6.078 1
410.4100 0.23315 10.820 -6.228 1
410.7437 0.24843 11.090 -5.962 1
411.0773 0.25196 11.167 -5.850 1
411.4110 0.26399 11.417 -5.747 1
411.7447 0.27245 11.498 -6.060 1
412.0783 0.25010 11.381 -5.995 1
412.4120 0.26636 11.368 -6.573 1
412.7457 0.25038 11.350 -6.762 1
413.0793 0.27303 11.507 -6.284 1
413.4130 0.27838 11.503 -6.131 1
413.7467 0.28214 11.577 -6.305 1
414.0803 0.28125 11.581 -5.930 1
414.4140 0.28050 11.570 -5.734 1
414.7477 0.29326 11.722 -5.945 1
415.0813 0.28295 11.821 -5.623 1
415.4150 0.27582 11.976 -5.486 1
415.7487 0.27855 12.159 -5.688 1
416.0823 0.28181 12.339 -5.497 1
416.4160 0.28899 12.398 -5.414 1
416.7497 0.30412 12.584 -5.686 1
417.0833 0.29845 12.699 -5.985 1
417.4170 0.29820 12.820 -6.271 1
417.7507 0.27193 12.780 -5.989 1
418.0843 0.24809 12.736 -5.926 1
418.4180 0.24881 12.660 -6.046 1
418.7517 0.24095 12.480 -6.081 1
419.0853 0.26174 12.448 -6.069 1
419.4190 0.28530 12.364 -6.044 1
419.7527 0.26911 12.338 -6.156 1
420.0863 0.26513 12.228 -6.417 1
420.4200 0.27451 12.221 -5.964 1
420.7537 0.25548 12.129 -5.669 1
421.0873 0.25163 12.054 -5.263 1
421.4210 0.26418 12.071 -5.545 1
421.7547 0.26258 11.977 -5.727 1
422.0883 0.27791 11.996 -5.696 1
422.4220 0.28179 11.982 -5.922 1
422.7557 0.29227 12.075 -6.271 1
423.0893 0.29823 12.263 -6.606 1
423.4230 0.31152 12.387 -7.001 1
423.7567 0.30691 12.423 -7.227 1
424.0903 0.32289 12.415 -7.498 1
424.4240 0.33275 12.495 -7.480 1
424.7577 0.30373 12.467 -6.811 1
425.0913 0.29852 12.344 -6.731 1
425.4250 0.30684 12.402 -6.957 1
425.7587 0.32201 12.656 -6.608 1
426.0923 0.33537 12.796 -5.989 1
426.4260 0.32054 12.873 -5.713 1
426.7597 0.31890 12.990 -5.648 1
427.0933 0.30038 12.987 -4.930 1
427.4270 0.28124 12.958 -4.543 1
427.7607 0.28242 13.003 -4.648 1
428.0943 0.29596 13.113 -5.002 1
428.4280 0.29016 13.152 -4.866 1
428.7617 0.29839 13.313 -5.066 1
429.0953 0.31270 13.407 -5.558 1
429.4290 0.31023 13.453 -5.264 1
429.7627 0.30875 13.455 -5.403 1
430.0963 0.31800 13.378 -5.961 1
430.4300 0.31815 13.509 -5.695 1
430.7637 0.32897 13.503 -5.902 1
431.0973 0.32314 13.439 -5.571 1
431.4310 0.32813 13.552 -5.719 1
431.7647 0.34721 13.532 -5.652 1
432.0983 0.34999 13.553 -5.439 1
432.4320 0.32449 13.470 -5.154 1
432.7657 0.34472 13.690 -4.955 1
433.0993 0.32961 13.786 -4.533 1
433.4330 0.33359 13.953 -3.947 1
433.7667 0.32212 14.011 -3.645 1
434.1003 0.33865 14.063 -4.272 1
434.4340 0.34578 14.212 -3.943 1
434.7677 0.37369 14.335 -4.114 1
435.1013 0.38301 14.479 -4.368 1
435.4350 0.37017 14.449 -3.942 1
435.7687 0.38726 14.489 -3.057 1
436.1023 0.35947 14.587 -2.826 1
436.4360 0.34325 14.744 -2.948 1
436.7697 0.36008 14.935 -3.409 1
437.1033 0.37893 15.063 -3.745 1
437.4370 0.40481 15.071 -4.436 1
437.7707 0.41241 15.186 -4.961 1
438.1043 0.42228 15.188 -5.273 1
438.4380 0.40873 15.142 -5.369 1
438.7717 0.42020 15.279 -5.376 1
439.1053 0.42177 15.615 -5.209 1
439.4390 0.43177 15.728 -5.472 1
439.7727 0.45311 15.801 -6.112 1
440.1063 0.46684 15.848 -6.475 1
440.4400 0.45598 15.920 -6.653 1
440.7737 0.43301 15.900 -6.765 1
441.1073 0.40145 15.885 -6.804 1
441.4410 0.40319 16.049 -6.891 1
441.7747 0.38172 16.146 -6.663 1
442.1083 0.39444 16.153 -6.626 1
442.4420 0.39310 16.013 -6.729 1
442.7757 0.40949 16.177 -7.233 1
443.1093 0.41457 16.398 -7.258 1
443.4430 0.39627 16.415 -7.090 1
443.7767 0.38116 16.468 -6.648 1
444.1103 0.37483 16.485 -6.615 1
444.4440 0.39036 16.604 -7.008 1
444.7777 0.40523 16.807 -7.311 1
445.1113 0.40302 16.940 -6.402 1
445.4450 0.41089 16.893 -5.882 1
445.7787 0.42694 16.924 -6.286 1
446.1123 0.43581 16.889 -6.619 1
446.4460 0.44280 16.932 -7.014 1
446.7797 0.47095 17.031 -6.700 1
447.1133 0.49347 17.017 -7.243 1
447.4470 0.50169 17.043 -7.154 1
447.7807 0.51101 17.049 -7.528 1
448.1143 0.52412 17.162 -8.028 1
448.4480 0.53626 17.192 -8.247 1
448.7817 0.50346 17.052 -7.511 1
449.1153 0.47695 16.875 -7.306 1
449.4490 0.45497 16.892 -7.172 1
449.7827 0.47087 17.023 -7.651 1
450.1163 0.47707 17.141 -7.594 1
450.4500 0.49821 17.054 -8.243 1
450.7837 0.48949 17.139 -8.002 1
451.1173 0.47376 17.169 -7.824 1
451.4510 0.47103 17.257 -6.790 1
451.7847 0.47099 17.436 -6.557 1
452.1183 0.44924 17.501 -6.558 1
452.4520 0.44991 17.426 -7.046 1
452.7857 0.43743 17.499 -7.221 1
453.1193 0.44847 17.667 -7.578 1
453.4530 0.45118 17.680 -6.827 1
453.7867 0.46012 17.795 -6.540 1
454.1203 0.45923 17.990 -6.174 1
454.4540 0.46219 18.277 -6.352 1
454.7877 0.47056 18.651 -6.637 1
455.1213 0.48283 18.903 -6.361 1
455.4550 0.47378 19.070 -5.859 1
455.7887 0.49622 19.394 -5.980 1
456.1223 0.51100 19.836 -6.350 1
456.4560 0.51399 20.025 -6.712 1
456.7897 0.48634 20.144 -5.750 1
457.1233 0.49984 20.484 -5.812 1
457.4570 0.51353 20.674 -6.327 1
457.7907 0.52566 20.895 -6.676 1
458.1243 0.51221 21.030 -6.425 1
458.4580 0.51753 21.195 -6.130 1
458.7917 0.50656 21.224 -5.695 1
459.1253 0.49950 21.171 -4.790 1
459.4590 0.51313 21.196 -5.166 1
459.7927 0.51564 21.105 -4.957 1
460.1263 0.48726 21.052 -3.777 1
460.4600 0.48346 21.028 -3.924 1
460.7937 0.48611 21.020 -3.829 1
461.1273 0.46907 20.784 -2.884 1
461.4610 0.46736 20.811 -2.643 1
461.7947 0.45587 20.615 -2.695 1
462.1283 0.44341 20.519 -2.975 1
462.4620 0.45617 20.537 -3.450 1
462.7957 0.45375 20.311 -3.229 1
463.1293 0.45320 20.232 -3.066 1
463.4630 0.44305 20.132 -2.539 1
463.7967 0.43415 19.912 -2.518 1
464.1303 0.44064 19.931 -2.486 1
464.4640 0.43775 19.958 -2.820 1
464.7977 0.44697 19.882 -2.886 1
465.1313 0.44144 19.764 -3.150 1
465.4650 0.45973 19.829 -3.681 1
465.7987 0.46477 19.882 -3.766 1
466.1323 0.48463 19.785 -4.247 1
466.4660 0.50054 19.787 -4.653 1
466.7997 0.50418 19.832 -4.910 1
467.1333 0.52156 19.553 -4.837 1
467.4670 0.55324 19.552 -5.736 1
467.8007 0.57092 19.702 -6.279 1
468.1343 0.58777 19.855 -6.216 1
468.4680 0.58874 19.983 -6.633 1
468.8017 0.59143 20.029 -6.528 1
469.1353 0.56235 19.898 -5.758 1
469.4690 0.56917 20.019 -5.996 1
469.8027 0.57719 20.192 -5.655 1
470.1363 0.58435 20.275 -5.335 1
470.4700 0.56902 20.207 -5.330 1
470.8037 0.54677 20.049 -4.538 1
471.1373 0.51401 19.810 -4.002 1
471.4710 0.51130 19.783 -3.626 1
471.8047 0.49514 19.664 -3.478 1
472.1383 0.47231 19.590 -3.379 1
472.4720 0.47327 19.546 -2.947 1
472.8057 0.46940 19.609 -2.537 1
473.1393 0.46064 19.552 -2.349 1
473.4730 0.46852 19.621 -2.701 1
473.8067 0.47863 19.581 -3.071 1
474.1403 0.47646 19.383 -3.007 1
474.4740 0.47659 19.215 -2.936 1
474.8077 0.46715 19.202 -2.875 1
475.1413 0.47165 19.192 -2.884 1
475.4750 0.48661 19.393 -2.983 1
475.8087 0.47652 19.358 -3.150 1
476.1423 0.47564 19.535 -2.870 1
476.4760 0.48069 19.332 -2.663 1
476.8097 0.50004 19.114 -3.190 1
477.1433 0.51766 19.137 -3.863 1
477.4770 0.52899 19.076 -4.354 1
477.8107 0.53624 18.794 -3.926 1
478.1443 0.56289 18.763 -4.515 1
478.4780 0.57397 18.689 -4.941 1
478.8117 0.57550 18.645 -5.158 1
479.1453 0.58699 18.734 -5.173 1
479.4790 0.60030 18.799 -5.124 1
479.8127 0.62714 18.755 -5.735 1
480.1463 0.63241 18.910 -6.041 1
480.4800 0.61570 18.958 -5.835 1
480.8137 0.61631 19.174 -5.272 1
481.1473 0.63060 19.397 -5.259 1
481.4810 0.64490 19.602 -5.537 1
481.8147 0.63503 19.658 -5.630 1
482.1483 0.63655 20.135 -5.462 1
482.4820 0.64022 20.354 -4.917 1
482.8157 0.63388 20.306 -4.136 1
483.1493 0.63825 19.748 -4.111 1
483.4830 0.63899 19.514 -4.262 1
483.8167 0.62720 19.420 -4.352 1
484.1503 0.64052 19.032 -4.889 1
484.4840 0.66065 18.415 -5.655 1
484.8177 0.67434 17.729 -6.030 1
485.1513 0.68864 16.924 -6.455 1
485.4850 0.66802 16.068 -5.944 1
485.8187 0.64839 15.568 -5.737 1
486.1523 0.61557 14.805 -5.383 1
486.4860 0.62018 14.325 -5.528 1
486.8197 0.60852 13.753 -5.535 1
487.1533 0.57100 13.159 -5.179 1
487.4870 0.55034 12.643 -4.596 1
487.8207 0.56548 12.253 -4.506 1
488.1543 0.57077 11.788 -4.692 1
488.4880 0.56939 11.734 -4.650 1
488.8217 0.49802 11.208 -3.114 1
489.1553 0.50723 10.999 -2.572 1
489.4890 0.50770 10.963 -2.475 1
489.8227 0.51673 10.862 -1.974 1
490.1563 0.47789 10.564 -0.979 1
490.4900 0.47485 10.474 -0.901 1
490.8237 0.47841 10.517 -0.331 1
491.1573 0.48630 10.210 -0.334 1
491.4910 0.50889 10.073 -0.820 1
491.8247 0.51365 10.000 -1.044 1
492.1583 0.50737 9.970 -0.664 1
492.4920 0.50968 9.908 -0.326 1
492.8257 0.50485 9.893 0.281 1
493.1593 0.49545 9.854 0.498 1
493.4930 0.50598 9.880 0.691 1
493.8267 0.49317 9.882 0.827 1
494.1603 0.48901 9.814 0.770 1
494.4940 0.46034 9.608 1.069 1
494.8277 0.45666 9.600 0.992 1
495.1613 0.45693 9.642 0.846 1
495.4950 0.43513 9.668 0.854 1
495.8287 0.40934 9.646 1.131 1
496.1623 0.40024 9.543 1.163 1
496.4960 0.41345 9.317 0.857 1
496.8297 0.42399 9.363 0.363 1
497.1633 0.43414 9.529 0.029 1
497.4970 0.45196 9.814 0.060 1
497.8307 0.44438 9.825 -0.383 1
498.1643 0.42799 9.897 -0.241 1
498.4980 0.38835 9.916 1.106 1
498.8317 0.34689 9.952 2.323 1
499.1653 0.31495 9.809 2.744 1
499.4990 0.31967 9.799 2.442 1
499.8327 0.29905 9.785 3.149 1
500.1663 0.29002 9.752 3.919 1
500.5000 0.26894 9.838 3.937 1
500.8337 0.25605 9.795 4.320 1
501.1673 0.23650 9.784 4.833 1
501.5010 0.23713 9.789 4.782 1
501.8347 0.24901 9.880 4.672 1
502.1683 0.26050 9.809 4.476 1
502.5020 0.28016 9.959 4.025 1
502.8357 0.30311 9.973 3.435 1
503.1693 0.31857 10.002 3.170 1
503.5030 0.33740 10.090 2.669 1
503.8367 0.34990 10.142 2.323 1
504.1703 0.35305 10.088 2.131 1
504.5040 0.37752 10.252 1.850 1
504.8377 0.38361 10.164 1.567 1
505.1713 0.39572 10.147 1.068 1
505.5050 0.36858 9.984 1.007 1
505.8387 0.36792 10.155 0.780 1
506.1723 0.38611 10.139 0.574 1
506.5060 0.38580 10.195 0.437 1
506.8397 0.35018 10.139 0.413 1
507.1733 0.34244 9.906 0.174 1
507.5070 0.34427 9.907 -0.165 1
507.8407 0.31404 9.722 0.021 1
508.1743 0.30322 9.626 0.580 1
508.5080 0.31006 9.667 1.342 1
508.8417 0.29101 9.701 1.328 1
509.1753 0.28318 9.425 1.617 1
509.5090 0.28603 9.356 1.463 1
509.8427 0.30123 9.170 1.139 1
510.1763 0.28681 9.019 1.536 1
510.5100 0.30091 9.147 1.564 1
510.8437 0.30584 9.171 2.394 1
511.1773 0.30307 9.195 2.872 1
511.5110 0.29552 9.190 3.127 1
511.8447 0.31053 9.169 2.567 1
512.1783 0.30875 9.157 2.798 1
512.5120 0.33083 9.041 2.356 1
512.8457 0.34313 9.127 2.005 1
513.1793 0.34614 8.917 1.406 1
513.5130 0.33944 9.084 1.241 1
513.8467 0.36112 9.348 1.305 1
514.1803 0.37552 9.424 1.645 1
514.5140 0.39567 9.566 1.642 1
514.8477 0.40965 9.646 1.556 1
515.1813 0.41961 9.755 1.193 1
515.5150 0.38279 9.584 1.275 1
515.8487 0.37098 9.575 1.416 1
516.1823 0.35141 9.540 1.735 1
516.5160 0.33731 9.489 1.824 1
516.8497 0.30678 9.362 2.543 1
517.1833 0.30535 9.292 2.712 1
517.5170 0.30263 9.327 3.029 1
517.8507 0.29278 9.093 2.904 1
518.1843 0.29597 9.011 2.675 1
518.5180 0.30538 9.033 2.722 1
518.8517 0.31338 9.147 2.445 1
519.1853 0.32518 9.159 1.937 1
519.5190 0.31802 9.193 1.651 1
519.8527 0.32958 9.221 1.675 1
520.1863 0.34707 9.060 1.517 1
520.5200 0.35845 9.077 1.201 1
520.8537 0.36341 9.086 1.218 1
521.1873 0.37697 9.095 0.928 1
521.5210 0.39725 9.292 0.586 1
521.8547 0.36235 9.109 0.635 1
522.1883 0.36555 9.256 0.941 1
522.5220 0.37912 9.407 0.649 1
522.8557 0.38837 9.366 0.740 1
523.1893 0.40013 9.356 1.014 1
523.5230 0.40869 9.361 1.561 1
523.8567 0.41565 9.503 1.755 1
524.1903 0.39834 9.660 2.600 1
524.5240 0.41376 9.649 3.315 1
524.8577 0.42373 9.804 3.080 1
525.1913 0.43715 9.837 3.651 1
525.5250 0.42254 9.768 3.365 1
525.8587 0.42935 10.001 3.050 1
526.1923 0.44821 10.163 2.458 1
526.5260 0.42361 10.153 2.411 1
526.8597 0.38533 10.050 2.963 1
527.1933 0.39395 10.071 2.852 1
527.5270 0.39722 10.167 2.532 1
527.8607 0.38787 10.327 2.446 1
528.1943 0.39922 10.430 2.690 1
528.5280 0.41284 10.562 3.077 1
528.8617 0.40279 10.720 3.095 1
529.1953 0.41719 10.383 2.775 1
529.5290 0.43748 10.288 2.081 1
529.8627 0.44159 10.147 1.551 1
530.1963 0.44823 10.196 1.595 1
530.5300 0.48267 10.332 0.710 1
530.8637 0.46786 10.283 0.650 1
531.1973 0.49353 10.436 -0.178 1
531.5310 0.51718 10.775 -0.802 1
531.8647 0.52652 10.953 -0.684 1
532.1983 0.48863 11.042 -0.603 1
532.5320 0.48896 11.185 -0.448 1
532.8657 0.46469 11.121 -0.569 1
533.1993 0.45606 11.370 -0.643 1
533.5330 0.47734 11.532 -1.308 1
533.8667 0.49184 11.741 -1.085 1
534.2003 0.49638 11.543 -1.255 1
534.5340 0.45937 11.484 -0.688 1
534.8677 0.41572 11.330 0.029 1
535.2013 0.39681 11.195 0.244 1
535.5350 0.39200 11.131 0.026 1
535.8687 0.40782 11.302 -0.434 1
536.2023 0.41875 11.370 -0.114 1
536.5360 0.42037 11.403 0.241 1
536.8697 0.44925 11.319 -0.620 1
537.2033 0.46438 11.319 -1.181 1
537.5370 0.47244 11.478 -1.495 1
537.8707 0.49481 11.741 -2.142 1
538.2043 0.49911 11.827 -2.227 1
538.5380 0.51369 11.958 -2.374 1
538.8717 0.51077 11.913 -2.698 1
539.2053 0.53156 12.027 -2.990 1
539.5390 0.54314 12.068 -2.494 1
539.8727 0.55668 12.085 -2.694 1
540.2063 0.56764 12.208 -2.291 1
540.5400 0.53380 12.146 -2.021 1
540.8737 0.53943 12.086 -2.259 1
541.2073 0.53113 12.075 -2.044 1
541.5410 0.50153 12.048 -1.967 1
541.8747 0.48509 11.954 -1.780 1
542.2083 0.47727 11.940 -1.680 1
542.5420 0.49491 12.137 -2.063 1
542.8757 0.49851 12.153 -2.514 1
543.2093 0.49726 12.329 -2.786 1
543.5430 0.50271 12.476 -2.923 1
543.8767 0.49777 12.586 -3.001 1
544.2103 0.50518 12.665 -3.205 1
544.5440 0.52383 12.754 -3.613 1
544.8777 0.52862 12.527 -3.969 1
545.2113 0.52116 12.436 -3.649 1
545.5450 0.48710 12.319 -3.480 1
545.8787 0.50197 12.640 -3.861 1
546.2123 0.51691 12.706 -3.186 1
546.5460 0.51017 12.562 -2.768 1
546.8797 0.50902 12.701 -2.988 1
547.2133 0.50798 12.691 -2.504 1
547.5470 0.46045 12.571 -1.012 1
547.8807 0.40813 12.539 0.264 1
548.2143 0.39195 12.465 0.731 1
548.5480 0.36116 12.314 1.438 1
548.8817 0.37258 12.336 1.091 1
549.2153 0.36006 12.229 1.218 1
549.5490 0.32911 11.957 1.895 1
549.8827 0.31327 11.950 2.104 1
550.2163 0.30243 11.793 3.037 1
550.5500 0.29576 11.676 3.956 1
550.8837 0.29015 11.777 4.328 1
551.2173 0.26122 11.761 4.445 1
551.5510 0.26329 11.573 4.498 1
551.8847 0.27289 11.550 4.254 1
552.2183 0.27588 11.396 3.909 1
552.5520 0.28751 11.543 4.126 1
552.8857 0.27382 11.502 4.482 1
553.2193 0.26973 11.540 4.629 1
553.5530 0.26338 11.494 4.529 1
553.8867 0.24829 11.328 4.874 1
554.2203 0.22445 11.183 4.874 1
554.5540 0.22132 11.076 4.490 1
554.8877 0.23684 11.110 4.078 1
555.2213 0.25009 11.198 3.618 1
555.5550 0.23864 11.194 3.342 1
555.8887 0.22322 11.213 3.202 1
556.2223 0.20366 11.211 3.313 1
556.5560 0.19333 11.397 3.120 1
556.8897 0.18735 11.356 3.379 1
557.2233 0.15509 11.263 3.987 1
557.5570 0.15618 11.393 4.149 1
557.8907 0.13943 11.260 4.277 1
558.2243 0.13611 11.343 4.278 1
558.5580 0.13248 11.300 4.046 1
558.8917 0.13061 11.368 3.998 1
559.2253 0.11851 11.171 3.870 1
559.5590 0.13826 11.370 3.401 1
559.8927 0.13003 11.525 3.788 1
560.2263 0.13914 11.600 3.781 1
560.5600 0.15309 11.703 3.564 1
560.8937 0.17266 11.664 3.655 1
561.2273 0.15413 11.712 4.457 1
561.5610 0.15411 11.787 4.647 1
561.8947 0.17943 12.032 4.547 1
562.2283 0.19496 12.210 4.200 1
562.5620 0.20362 12.220 4.361 1
562.8957 0.19415 12.325 4.380 1
563.2293 0.19406 12.209 4.190 1
563.5630 0.21816 12.224 3.533 1
563.8967 0.21629 12.253 3.368 1
564.2303 0.22036 12.172 3.326 1
564.5640 0.19926 12.057 3.780 1
564.8977 0.19959 11.872 3.567 1
565.2313 0.20150 11.898 3.265 1
565.5650 0.21474 11.767 3.427 1
565.8987 0.22977 11.911 2.890 1
566.2323 0.20418 11.708 2.851 1
566.5660 0.20740 11.719 2.723 1
566.8997 0.23943 11.700 1.948 1
567.2333 0.25277 11.692 1.525 1
567.5670 0.24770 11.760 1.264 1
567.9007 0.24301 12.041 0.985 1
568.2343 0.23967 12.222 1.360 1
568.5680 0.24210 12.308 0.980 1
568.9017 0.24071 12.323 0.827 1
569.2353 0.22504 12.360 0.901 1
569.5690 0.19220 12.239 0.934 1
569.9027 0.15989 12.177 1.712 1
570.2363 0.15349 12.268 2.400 1
570.5700 0.16576 12.473 2.988 1
570.9037 0.15068 12.396 3.612 1
571.2373 0.15789 12.500 3.892 1
571.5710 0.15190 12.472 4.041 1
571.9047 0.16235 12.504 3.718 1
572.2383 0.16031 12.417 3.607 1
572.5720 0.13466 12.256 3.859 1
572.9057 0.13996 12.319 3.781 1
573.2393 0.15157 12.360 3.419 1
573.5730 0.14357 12.337 3.197 1
573.9067 0.13517 12.206 3.304 1
574.2403 0.13351 12.366 3.172 1
574.5740 0.12961 12.384 3.083 1
574.9077 0.13126 12.580 3.286 1
575.2413 0.13214 12.487 2.936 1
575.5750 0.14377 12.617 2.503 1
575.9087 0.12308 12.539 3.073 1
576.2423 0.12607 12.687 2.935 1
576.5760 0.10657 12.672 3.631 1
576.9097 0.09765 12.665 3.923 1
577.2433 0.08531 12.718 4.110 1
577.5770 0.09496 12.637 4.476 1
577.9107 0.11595 12.703 3.976 1
578.2443 0.11339 12.615 3.610 1
578.5780 0.09322 12.419 3.581 1
578.9117 0.10187 12.320 4.116 1
579.2453 0.11905 12.442 3.796 1
579.5790 0.09059 12.218 3.753 1
579.9127 0.09077 12.084 3.606 1
580.2463 0.08632 11.987 3.474 1
580.5800 0.10836 12.098 2.989 1
580.9137 0.12317 12.322 2.804 1
581.2473 0.14197 12.574 2.663 1
581.5810 0.14861 12.725 2.547 1
581.9147 0.15762 13.031 2.835 1
582.2483 0.18887 13.387 2.541 1
582.5820 0.20531 13.687 2.657 1
582.9157 0.20025 13.855 2.441 1
583.2493 0.19309 13.904 2.821 1
583.5830 0.21422 14.099 2.589 1
583.9167 0.23174 14.250 2.758 1
584.2503 0.24010 14.288 2.583 1
584.5840 0.24965 14.292 2.156 1
584.9177 0.22229 14.360 2.324 1
585.2513 0.22826 14.492 2.382 1
585.5850 0.20588 14.459 2.329 1
585.9187 0.19465 14.567 2.200 1
586.2523 0.19325 14.588 2.315 1
586.5860 0.20599 14.682 2.026 1
586.9197 0.22080 14.844 2.319 1
587.2533 0.23902 14.994 1.846 1
587.5870 0.25850 15.008 1.312 1
587.9207 0.28020 14.970 0.702 1
588.2543 0.27977 14.964 0.540 1
588.5880 0.29530 15.066 0.340 1
588.9217 0.29362 15.200 -0.051 1
589.2553 0.29217 15.091 0.007 1
589.5890 0.30229 15.285 -0.303 1
589.9227 0.29921 15.284 -0.491 1
590.2563 0.28838 15.480 0.259 1
590.5900 0.29547 15.531 0.466 1
590.9237 0.30830 15.722 0.619 1
591.2573 0.32716 15.830 0.689 1
591.5910 0.34646 16.093 0.731 1
591.9247 0.35448 16.048 0.416 1
592.2583 0.35791 15.988 0.048 1
592.5920 0.35276 15.831 0.023 1
592.9257 0.36630 15.947 -0.356 1
593.2593 0.37881 16.024 -0.834 1
593.5930 0.36757 15.901 -1.018 1
593.9267 0.36343 15.989 -0.703 1
594.2603 0.35712 15.921 -0.705 1
594.5940 0.37386 15.893 -1.177 1
594.9277 0.33076 15.662 -1.122 1
595.2613 0.33265 15.778 -1.197 1
595.5950 0.35006 15.881 -0.968 1
595.9287 0.35299 15.949 -1.314 1
596.2623 0.36504 16.060 -1.623 1
596.5960 0.36981 16.307 -1.603 1
596.9297 0.38086 16.445 -1.902 1
597.2633 0.40197 16.784 -1.710 1
597.5970 0.40622 17.032 -2.144 1
597.9307 0.42230 17.280 -2.407 1
598.2643 0.44671 17.554 -3.056 1
598.5980 0.45087 17.739 -3.486 1
598.9317 0.41443 17.626 -3.332 1
599.2653 0.37788 17.634 -2.902 1
599.5990 0.36403 17.529 -2.283 1
599.9327 0.34287 17.438 -1.796 1
600.2663 0.35342 17.544 -2.077 1
600.6000 0.34186 17.560 -1.880 1
600.9337 0.33933 17.780 -1.949 1
601.2673 0.34924 17.830 -2.125 1
601.6010 0.31934 17.637 -1.707 1
601.9347 0.33157 17.622 -1.984 1
602.2683 0.32274 17.579 -1.851 1
602.6020 0.32323 17.583 -1.953 1
602.9357 0.34367 17.526 -2.456 1
603.2693 0.35674 17.436 -2.762 1
603.6030 0.36916 17.456 -3.138 1
603.9367 0.35278 17.420 -3.261 1
604.2703 0.36931 17.477 -3.674 1
604.6040 0.38716 17.519 -3.577 1
604.9377 0.38304 17.553 -3.640 1
605.2713 0.37370 17.460 -3.686 1
605.6050 0.36069 17.423 -3.222 1
605.9387 0.32543 17.222 -2.390 1
606.2723 0.31913 17.205 -2.534 1
606.6060 0.31478 17.182 -2.353 1
606.9397 0.32863 17.158 -2.428 1
607.2733 0.33827 17.279 -2.812 1
607.6070 0.35255 17.341 -3.217 1
607.9407 0.36449 17.391 -3.623 1
608.2743 0.36969 17.553 -3.616 1
608.6080 0.38073 17.602 -3.507 1
608.9417 0.35884 17.557 -3.319 1
609.2753 0.37450 17.697 -3.532 1
609.6090 0.38639 17.802 -3.907 1
609.9427 0.39196 17.824 -3.992 1
610.2763 0.40248 17.910 -3.932 1
610.6100 0.40153 17.937 -4.202 1
610.9437 0.40118 17.974 -4.454 1
611.2773 0.41431 18.085 -4.301 1
611.6110 0.38764 17.831 -4.284 1
611.9447 0.37330 17.917 -3.723 1
612.2783 0.36155 17.884 -3.140 1
612.6120 0.32436 17.809 -1.904 1
612.9457 0.30205 17.724 -1.124 1
613.2793 0.27364 17.404 -0.618 1
613.6130 0.27277 17.206 -0.711 1
613.9467 0.28031 17.097 -0.913 1
614.2803 0.27157 16.952 -0.572 1
614.6140 0.25771 16.848 -0.351 1
614.9477 0.24348 16.722 -0.328 1
615.2813 0.26002 16.787 -0.609 1
615.6150 0.22180 16.526 -0.219 1
615.9487 0.19041 16.481 -0.174 1
616.2823 0.17440 16.528 -0.254 1
616.6160 0.17363 16.633 -0.566 1
616.9497 0.17407 16.722 -0.870 1
617.2833 0.17114 16.753 -0.508 1
617.6170 0.16073 16.689 -0.288 1
617.9507 0.15512 16.623 0.031 1
618.2843 0.13513 16.514 0.431 1
618.6180 0.13092 16.633 0.807 1
618.9517 0.13676 16.810 0.995 1
619.2853 0.13029 16.817 0.964 1
619.6190 0.12534 16.707 0.708 1
619.9527 0.14073 16.782 0.650 1
620.2863 0.14584 16.852 0.716 1
620.6200 0.14592 16.896 0.863 1
620.9537 0.14625 16.852 0.656 1
621.2873 0.13902 16.911 0.399 1
621.6210 0.14117 17.003 0.617 1
621.9547 0.15323 17.184 0.692 1
622.2883 0.17256 17.419 0.181 1
622.6220 0.17391 17.537 -0.007 1
622.9557 0.18033 17.666 -0.233 1
623.2893 0.15753 17.616 -0.190 1
623.6230 0.15747 17.541 0.191 1
623.9567 0.15365 17.606 0.187 1
624.2903 0.14688 17.578 0.714 1
624.6240 0.15797 17.647 1.397 1
624.9577 0.15561 17.650 1.951 1
625.2913 0.15931 17.681 2.420 1
625.6250 0.17117 17.739 2.411 1
625.9587 0.16095 17.720 2.169 1
626.2923 0.15766 17.799 2.549 1
626.6260 0.15687 17.801 2.702 1
626.9597 0.16724 17.847 2.879 1
627.2933 0.17120 17.839 3.264 1
627.6270 0.16645 17.862 3.417 1
627.9607 0.18408 17.883 2.973 1
628.2943 0.19341 17.903 2.697 1
628.6280 0.20792 17.969 2.417 1
628.9617 0.20680 18.030 2.552 1
629.2953 0.21711 18.132 2.267 1
629.6290 0.21262 18.189 2.218 1
629.9627 0.21275 18.291 2.471 1
630.2963 0.22346 18.556 2.295 1
630.6300 0.21867 18.619 2.039 1
630.9637 0.23096 18.691 2.056 1
631.2973 0.21823 18.646 2.105 1
631.6310 0.21971 18.652 2.096 1
631.9647 0.22503 18.673 1.971 1
632.2983 0.23925 18.603 1.511 1
632.6320 0.25799 18.752 1.543 1
632.9657 0.25009 18.759 1.675 1
633.2993 0.26944 18.860 1.126 1
633.6330 0.27844 18.877 1.010 1
633.9667 0.28797 18.961 1.134 1
634.3003 0.29829 19.069 0.668 1
634.6340 0.30420 19.048 0.537 1
634.9677 0.32368 19.195 0.420 1
635.3013 0.33373 19.307 0.765 1
635.6350 0.34438 19.439 0.294 1
635.9687 0.35383 19.536 0.186 1
636.3023 0.35164 19.549 0.256 1
636.6360 0.32352 19.424 0.815 1
636.9697 0.32362 19.554 1.210 1
637.3033 0.32563 19.584 1.294 1
637.6370 0.32408 19.639 1.055 1
637.9707 0.32986 19.753 0.686 1
638.3043 0.33464 19.921 0.556 1
638.6380 0.34897 20.271 0.243 1
638.9717 0.36753 20.384 0.073 1
639.3053 0.37159 20.607 -0.255 1
639.6390 0.38147 20.644 -0.742 1
639.9727 0.40259 20.749 -1.386 1
640.3063 0.40811 20.738 -1.643 1
640.6400 0.41342 20.793 -1.642 1
640.9737 0.42761 20.810 -2.198 1
641.3073 0.44560 20.926 -2.837 1
641.6410 0.43792 20.781 -2.967 1
641.9747 0.44941 20.783 -3.226 1
642.3083 0.44764 20.829 -3.466 1
642.6420 0.46294 20.716 -3.804 1
642.9757 0.48672 20.883 -4.669 1
643.3093 0.48855 21.196 -5.184 1
643.6430 0.48903 21.592 -5.553 1
643.9767 0.50223 21.930 -5.635 1
644.3103 0.50627 22.178 -5.571 1
644.6440 0.51365 22.468 -5.587 1
644.9777 0.51460 22.617 -5.909 1
645.3113 0.52120 22.883 -6.110 1
645.6450 0.53688 22.939 -6.759 1
645.9787 0.54506 23.188 -6.897 1
646.3123 0.56533 23.454 -7.350 1
