0.000 0.06020 -1.25 -4.63 210
0.250 0.05831 -1.11 -4.81 208
0.500 0.04712 -1.07 -4.67 219
0.750 0.04872 -1.38 -4.66 211
1.000 0.07530 -1.28 -4.85 218
1.250 0.08108 -1.16 -4.33 211
1.500 0.08547 -0.92 -4.26 193
1.750 0.07868 -0.82 -4.29 208
2.000 0.07777 -0.51 -4.44 207
2.250 0.09043 -0.14 -4.64 213
2.500 0.09851 -0.10 -3.98 215
2.750 0.09338 -0.18 -2.29 214
3.000 0.09975 0.03 -1.94 211
3.250 0.08430 0.17 -1.93 216
3.500 0.06706 0.13 -1.95 207
3.750 0.05766 0.29 -2.09 213
4.000 0.04195 0.26 -2.01 221
4.250 0.03628 0.35 -2.01 226
4.500 0.00618 0.07 -1.07 222
4.750 0.00658 0.08 -0.55 210
5.000 0.00000 0.00 0.00 312
5.250 0.00903 -0.05 -0.29 233
5.500 0.01837 -0.05 -0.52 207
5.750 -0.00603 -0.23 0.97 237
6.000 -0.00713 -0.19 1.49 208
6.250 -0.01544 -0.15 1.63 207
6.500 -0.01685 -0.26 2.46 211
6.750 -0.00513 -0.12 2.26 199
7.000 -0.02289 -0.19 2.71 209
7.250 -0.02251 -0.27 3.12 211
7.500 -0.02155 -0.31 3.71 201
7.750 -0.02413 -0.25 3.60 216
8.000 -0.04946 -0.45 3.87 211
8.250 -0.05057 -0.55 4.31 212
8.500 -0.05586 -0.67 4.19 208
8.750 -0.07501 -1.03 4.58 224
9.000 -0.08201 -1.24 4.46 221
9.250 -0.06252 -1.28 4.06 209
9.500 -0.05477 -1.27 3.75 204
9.750 -0.04852 -1.20 4.09 209
10.000 -0.03046 -1.30 4.69 204
10.250 -0.02381 -1.33 4.41 213
10.500 -0.01097 -1.29 4.16 219
10.750 -0.01034 -1.16 3.94 221
11.000 0.00421 -0.97 3.66 221
11.250 0.01766 -0.97 3.73 212
11.500 0.01774 -1.00 3.50 216
11.750 0.03173 -0.83 3.07 190
12.000 0.03199 -0.81 2.92 211
12.250 0.04572 -0.52 2.91 211
12.500 0.03871 -0.68 3.00 209
12.750 0.02172 -0.59 2.97 211
13.000 -0.00205 -0.76 2.95 221
13.250 -0.00594 -0.73 2.85 204
13.500 0.00106 -0.71 3.69 220
13.750 0.01164 -0.67 3.62 223
14.000 0.02227 -0.65 3.53 212
14.250 0.03843 -0.56 3.97 207
14.500 0.04534 -0.60 3.78 225
14.750 0.05493 -1.08 4.07 212
15.000 0.06667 -1.16 3.96 209
15.250 0.07799 -0.81 3.65 206
15.500 0.07545 -0.47 3.65 212
15.750 0.08290 -0.33 3.41 204
16.000 0.07890 -0.59 4.02 204
16.250 0.06639 -0.91 5.19 203
16.500 0.08172 -0.88 5.19 206
16.750 0.07344 -1.05 6.04 205
17.000 0.06621 -1.06 6.05 195
17.250 0.08222 -0.76 5.86 198
17.500 0.05696 -0.87 5.08 219
17.750 0.06391 -0.91 5.45 205
18.000 0.08073 -0.80 5.80 195
18.250 0.09002 -0.95 6.21 190
18.500 0.09205 -1.11 6.70 200
18.750 0.09905 -1.11 5.79 205
19.000 0.10608 -1.18 5.06 201
19.250 0.10173 -1.13 4.84 196
19.500 0.11230 -1.29 4.65 201
19.750 0.11804 -1.50 4.14 198
20.000 0.09251 -1.51 4.24 205
20.250 0.10553 -1.57 4.28 192
20.500 0.11240 -1.69 4.51 201
20.750 0.12525 -1.53 3.99 205
21.000 0.11806 -1.83 3.89 194
21.250 0.09665 -2.59 4.00 189
21.500 0.08160 -4.52 3.06 175
21.750 0.09773 -4.94 1.50 170
22.000 0.12925 -3.97 -0.71 159
22.250 0.15727 -3.57 -5.39 162
22.500 0.14815 -4.39 -8.16 175
22.750 0.16905 -4.63 -7.68 182
23.000 0.16298 -6.48 -6.10 166
23.250 0.13198 -6.43 -4.44 171
23.500 0.08658 -7.96 -2.89 176
23.750 -0.04415 -10.67 -4.41 171
24.000 0.10443 -6.29 -12.99 171
24.250 0.10823 -6.94 -19.95 174
24.500 0.14641 -5.40 -17.91 184
24.750 0.07795 -8.12 -14.35 192
25.000 0.11614 -5.84 -11.80 189
25.250 0.15029 -5.36 -11.26 174
25.500 0.06874 -7.45 -10.79 195
25.750 0.05892 -7.43 -10.21 201
26.000 0.07824 -7.32 -11.16 185
26.250 0.08569 -5.51 -13.25 191
26.500 0.23017 -0.69 -18.76 177
26.750 0.08658 -3.55 -21.75 153
27.000 0.10977 -3.50 -24.59 156
27.250 0.14108 -4.02 -24.77 173
27.500 0.37105 0.50 -26.13 152
27.750 0.36324 -0.42 -25.35 154
28.000 0.41129 0.05 -23.53 149
28.250 0.33864 -1.24 -20.46 177
28.500 0.31549 -2.50 -18.17 161
28.750 0.25887 -4.31 -15.86 171
29.000 0.28286 -4.32 -13.56 177
29.250 0.22771 -5.51 -12.08 196
29.500 0.19583 -5.83 -11.06 179
29.750 0.25564 -4.21 -11.11 180
30.000 0.23246 -4.50 -11.13 172
30.250 0.18019 -5.40 -11.05 190
30.500 0.22742 -3.64 -12.12 191
30.750 0.25296 -1.72 -13.70 165
31.000 0.27400 0.36 -16.40 173
31.250 0.30111 0.88 -18.75 156
31.500 0.37120 0.61 -21.18 168
31.750 0.38022 0.26 -22.01 175
32.000 0.38243 2.22 -21.75 146
32.250 0.34590 -2.15 -22.66 170
32.500 0.47095 -2.70 -24.04 135
32.750 0.40488 -1.85 -21.64 164
33.000 0.40909 -1.50 -20.46 170
33.250 0.13292 -6.73 -16.93 138
33.500 0.31488 -2.96 -17.72 175
33.750 0.29721 -3.18 -16.19 179
34.000 0.26411 -3.85 -14.23 186
34.250 0.24179 -4.14 -11.91 185
34.500 0.25231 -3.80 -11.89 184
34.750 0.26712 -3.90 -12.78 172
35.000 0.19657 -6.16 -12.31 203
35.250 0.25632 -4.10 -11.71 192
35.500 0.25487 -4.69 -10.86 199
35.750 0.23486 -5.88 -9.84 214
36.000 0.24757 -5.96 -9.37 204
36.250 0.24615 -4.19 -8.34 189
36.500 0.22108 -3.98 -7.20 174
36.750 0.21505 -4.82 -7.00 192
37.000 0.20486 -5.24 -6.66 201
37.250 0.21160 -6.40 -6.26 225
37.500 0.20731 -6.06 -5.80 198
37.750 0.21033 -4.64 -3.50 198
38.000 0.17445 -5.25 -2.87 176
38.250 0.16964 -5.96 -3.13 195
38.500 0.18194 -6.14 -3.49 199
38.750 0.19371 -6.96 -4.02 213
39.000 0.20076 -6.96 -4.34 192
39.250 0.13786 -4.21 -2.70 188
39.500 0.14879 -6.14 -3.77 184
39.750 0.14490 -7.47 -4.47 196
40.000 0.13493 -7.02 -4.41 181
40.250 0.15655 -6.25 -4.53 191
40.500 0.13799 -4.46 -3.74 183
40.750 0.13945 -7.34 -4.48 193
41.000 0.12497 -4.56 -2.81 178
41.250 0.13657 -6.45 -4.54 194
41.500 0.14839 -7.16 -5.16 205
41.750 0.14494 -4.86 -3.59 168
42.000 0.16169 -7.50 -4.72 188
42.250 0.14861 -5.09 -3.23 183
42.500 0.13022 -6.53 -3.20 191
42.750 0.12272 -5.44 -2.36 176
43.000 0.13170 -5.07 -2.30 181
43.250 0.10612 -5.07 -1.58 176
43.500 0.11982 -8.31 -3.11 187
43.750 0.09061 -5.61 -2.09 176
44.000 0.08980 -8.72 -3.49 171
44.250 0.09668 -6.49 -2.19 181
44.500 0.10784 -9.14 -2.71 193
44.750 0.09190 -6.43 -1.02 179
45.000 0.10260 -6.57 -1.22 188
45.250 0.10674 -6.83 -1.15 185
45.500 0.08846 -9.53 -2.04 208
45.750 0.07980 -6.32 -0.41 173
46.000 0.06765 -5.75 -0.09 177
46.250 0.04227 -5.81 0.25 174
46.500 0.05430 -5.69 1.41 174
46.750 0.06806 -7.24 0.68 192
47.000 0.05879 -8.77 0.72 194
47.250 0.08564 -7.18 1.57 189
47.500 0.06802 -5.98 2.58 174
47.750 0.08263 -7.06 1.63 192
48.000 0.08914 -6.49 1.58 180
48.250 0.09909 -9.89 0.09 183
48.500 0.10354 -6.20 1.47 180
48.750 0.10038 -6.64 1.36 173
49.000 0.09991 -10.30 -0.41 204
49.250 0.08363 -11.17 -0.83 177
49.500 0.07577 -10.90 -0.37 196
49.750 0.07671 -7.48 0.60 176
50.000 0.06482 -6.27 1.30 173
50.250 0.03228 -6.20 1.26 172
50.500 0.02291 -10.21 -0.63 189
50.750 0.02979 -10.09 -1.12 206
51.000 0.04388 -8.70 -0.19 185
51.250 0.02596 -6.55 0.88 176
51.500 0.02221 -6.47 0.40 177
51.750 0.04447 -9.56 -0.72 189
52.000 0.03112 -7.31 0.90 177
52.250 0.01852 -7.42 1.68 173
52.500 0.00953 -6.70 2.54 172
52.750 -0.02721 -6.12 3.53 175
53.000 -0.03233 -11.31 1.55 172
53.250 -0.06870 -11.29 1.69 178
53.500 -0.05609 -10.88 2.07 186
53.750 -0.05593 -10.34 2.15 189
54.000 -0.07444 -7.41 3.97 171
54.250 -0.05613 -11.43 1.52 168
54.500 -0.05558 -10.94 1.54 180
54.750 -0.05885 -6.64 3.14 167
55.000 -0.03961 -10.77 0.63 189
55.250 -0.04002 -10.48 0.67 187
55.500 -0.03408 -6.40 2.80 166
55.750 -0.04480 -10.62 1.17 189
56.000 -0.04169 -7.48 2.59 172
56.250 -0.06665 -7.25 3.30 169
56.500 -0.08255 -6.54 4.39 163
56.750 -0.06342 -10.65 2.41 169
57.000 -0.06934 -7.09 3.80 166
57.250 -0.03662 -8.36 2.92 179
57.500 -0.04592 -7.25 3.42 160
57.750 -0.05756 -10.11 2.22 190
58.000 -0.06611 -6.13 3.88 169
58.250 -0.03637 -6.67 3.18 166
58.500 -0.02553 -10.91 1.19 178
58.750 -0.04379 -6.04 3.99 167
59.000 -0.03735 -5.95 4.16 161
59.250 -0.00804 -7.43 2.62 168
59.500 -0.01131 -6.51 2.82 179
59.750 0.00853 -7.43 2.43 176
60.000 -0.01247 -7.08 2.90 174
60.250 -0.00515 -11.08 1.58 184
60.500 -0.01455 -7.16 3.05 180
60.750 -0.01133 -11.35 0.58 178
61.000 0.00315 -11.69 0.50 186
61.250 -0.00319 -12.51 0.04 174
61.500 -0.02045 -6.87 3.82 170
61.750 0.00357 -12.66 1.82 181
62.000 0.01192 -13.46 1.10 157
62.250 -0.00304 -8.76 3.28 173
62.500 -0.00069 -11.20 2.18 175
62.750 -0.02693 -7.69 3.48 176
63.000 0.00898 -8.58 2.08 176
63.250 0.02546 -12.15 0.84 201
63.500 0.00888 -8.07 2.71 163
63.750 0.02128 -8.09 2.66 176
64.000 -0.02700 -7.96 3.39 162
64.250 -0.06996 -6.52 5.12 156
64.500 -0.04034 -10.17 2.82 174
64.750 -0.04148 -13.82 1.23 166
65.000 -0.05453 -7.89 4.25 172
65.250 -0.03294 -13.29 1.23 177
65.500 -0.04681 -7.56 3.64 165
65.750 -0.03782 -7.44 3.33 169
66.000 -0.02206 -7.70 2.64 176
66.250 -0.01236 -7.76 2.37 172
66.500 -0.02903 -7.39 2.20 172
66.750 -0.02246 -12.61 -0.26 185
67.000 -0.06307 -8.22 1.41 170
67.250 -0.04862 -7.68 1.31 166
67.500 -0.01941 -10.88 -0.30 180
67.750 -0.04489 -8.11 2.33 180
68.000 -0.06858 -12.51 0.85 159
68.250 -0.07824 -12.13 0.52 209
68.500 -0.06121 -12.04 0.20 188
68.750 -0.06780 -8.74 1.55 183
69.000 -0.06247 -7.50 1.35 166
69.250 -0.03728 -8.82 0.84 180
69.500 -0.04538 -9.15 0.63 168
69.750 -0.02580 -9.53 1.10 186
70.000 -0.03574 -8.46 2.06 185
70.250 -0.03122 -7.77 3.10 172
70.500 -0.01668 -6.72 3.75 166
70.750 -0.01628 -9.00 2.75 179
71.000 -0.01583 -7.50 3.20 168
71.250 -0.01148 -12.55 0.77 186
71.500 -0.01586 -13.32 0.25 179
71.750 -0.00408 -7.59 2.17 164
72.000 0.00521 -7.92 1.79 176
72.250 0.01656 -8.14 1.35 187
72.500 0.01124 -7.21 1.81 170
72.750 0.00900 -11.45 -0.17 198
73.000 -0.00911 -7.03 2.57 166
73.250 0.01958 -8.97 1.78 191
73.500 -0.00349 -8.32 2.18 189
73.750 -0.00888 -7.81 3.36 165
74.000 -0.01547 -7.53 3.84 161
74.250 -0.00313 -7.69 3.03 178
74.500 0.00702 -12.79 0.18 187
74.750 -0.03018 -8.03 3.08 169
75.000 -0.05758 -8.01 3.84 171
75.250 -0.05066 -12.67 1.03 192
75.500 -0.04689 -11.88 0.40 181
75.750 -0.03376 -7.65 2.59 172
76.000 -0.02747 -9.14 1.89 178
76.250 -0.01953 -10.78 1.00 179
76.500 -0.04870 -7.25 2.68 165
76.750 -0.03625 -7.79 2.23 172
77.000 -0.03857 -7.15 3.51 161
77.250 -0.06885 -7.66 3.74 152
77.500 -0.04490 -10.14 1.66 190
77.750 -0.03869 -9.96 1.44 180
78.000 -0.02389 -11.77 0.81 179
78.250 -0.02037 -15.34 -0.82 170
78.500 -0.04578 -8.23 2.46 174
78.750 -0.04392 -8.57 2.18 173
79.000 -0.02399 -10.46 1.28 184
79.250 -0.03963 -10.24 1.25 185
79.500 -0.04611 -8.44 1.83 168
79.750 -0.06020 -9.00 1.87 162
80.000 -0.04001 -7.59 1.88 165
80.250 -0.05330 -16.59 -1.50 157
80.500 -0.03563 -8.13 1.34 158
80.750 -0.04307 -9.30 -0.04 168
81.000 -0.02770 -9.26 0.48 164
81.250 -0.04905 -8.91 0.96 171
81.500 -0.05384 -11.75 -0.20 168
81.750 -0.05197 -10.76 0.62 173
82.000 -0.05261 -10.27 0.99 174
82.250 -0.08788 -9.27 2.44 158
82.500 -0.11970 -10.23 2.48 168
82.750 -0.14457 -9.95 3.15 170
83.000 -0.17299 -10.35 3.07 161
83.250 -0.17878 -8.79 3.52 158
83.500 -0.19131 -9.54 3.40 167
83.750 -0.19866 -10.31 2.92 162
84.000 -0.19180 -10.17 2.65 167
84.250 -0.19232 -10.49 3.14 169
84.500 -0.18210 -9.35 4.53 172
84.750 -0.18143 -10.65 4.12 171
85.000 -0.18202 -10.24 4.23 174
85.250 -0.15773 -10.82 4.55 180
85.500 -0.15572 -9.70 5.47 161
85.750 -0.17240 -10.24 6.20 167
86.000 -0.18070 -8.72 7.24 169
86.250 -0.16877 -10.15 6.51 168
86.500 -0.15668 -9.98 6.29 161
86.750 -0.15834 -12.62 4.42 173
87.000 -0.14962 -9.74 5.91 159
87.250 -0.13522 -9.32 6.19 169
87.500 -0.16425 -10.39 5.99 156
87.750 -0.14960 -11.70 4.99 172
88.000 -0.15051 -9.67 6.13 169
88.250 -0.15004 -10.22 5.66 170
88.500 -0.14416 -10.17 5.05 168
88.750 -0.13515 -10.22 4.99 171
89.000 -0.13064 -10.60 4.51 170
89.250 -0.11750 -9.96 4.62 162
89.500 -0.10447 -10.02 3.87 174
89.750 -0.08974 -10.06 3.62 164
90.000 -0.09344 -10.12 3.32 167
90.250 -0.08781 -11.61 2.68 162
90.500 -0.10570 -9.92 3.85 170
90.750 -0.10563 -9.39 3.95 159
91.000 -0.10692 -12.22 2.81 169
91.250 -0.13920 -11.29 3.57 164
91.500 -0.15295 -10.36 3.96 168
91.750 -0.14066 -10.97 3.33 181
92.000 -0.12744 -10.55 3.06 168
92.250 -0.12226 -10.13 3.36 172
92.500 -0.12679 -12.65 2.28 171
92.750 -0.11687 -12.68 2.03 171
93.000 -0.12768 -10.50 3.06 166
93.250 -0.12254 -9.73 3.13 152
93.500 -0.13298 -15.13 1.02 173
93.750 -0.14577 -10.23 4.10 166
94.000 -0.16443 -10.13 4.38 164
94.250 -0.16747 -9.41 4.69 165
94.500 -0.17047 -10.37 4.57 166
94.750 -0.15793 -13.58 3.00 176
95.000 -0.18958 -8.96 5.32 152
95.250 -0.17668 -9.32 4.75 161
95.500 -0.19586 -18.15 0.83 167
95.750 -0.20000 -9.82 4.90 162
96.000 -0.19080 -9.75 4.85 160
96.250 -0.17565 -15.45 2.49 201
96.500 -0.20197 -10.98 4.92 177
96.750 -0.21399 -11.50 5.21 177
97.000 -0.20937 -9.64 5.56 169
97.250 -0.20816 -9.40 5.18 164
97.500 -0.18297 -9.52 5.36 162
97.750 -0.17727 -9.98 5.42 159
98.000 -0.18835 -10.69 5.12 164
98.250 -0.21111 -9.80 5.54 165
98.500 -0.23057 -10.11 5.92 164
98.750 -0.23628 -10.60 5.57 174
99.000 -0.24706 -10.17 5.49 169
99.250 -0.24428 -11.84 5.05 164
99.500 -0.23221 -13.55 3.72 162
99.750 -0.24906 -10.84 5.03 183
100.000 -0.25260 -10.96 4.81 171
100.250 -0.25060 -12.27 3.92 176
100.500 -0.24725 -12.43 3.67 176
100.750 -0.24050 -10.87 4.27 169
101.000 -0.23057 -10.06 4.24 166
101.250 -0.20655 -12.67 2.69 157
101.500 -0.19714 -12.47 2.56 170
101.750 -0.21656 -9.57 4.04 148
102.000 -0.22100 -10.40 4.26 168
102.250 -0.20426 -9.56 4.90 158
102.500 -0.20085 -10.23 4.38 165
102.750 -0.19289 -10.64 3.95 159
103.000 -0.20120 -10.27 3.87 166
103.250 -0.16619 -12.31 2.33 177
103.500 -0.19342 -17.74 0.03 162
103.750 -0.17268 -10.17 3.54 171
104.000 -0.17007 -8.70 4.72 161
104.250 -0.17968 -9.94 4.27 165
104.500 -0.15526 -12.05 2.95 174
104.750 -0.16403 -10.04 3.62 166
105.000 -0.15051 -9.42 3.59 161
105.250 -0.16828 -8.88 3.86 170
105.500 -0.16338 -9.06 3.54 152
105.750 -0.15606 -9.73 2.89 162
106.000 -0.13145 -11.71 1.98 173
106.250 -0.12891 -9.17 3.05 173
106.500 -0.12832 -9.20 2.19 164
106.750 -0.09160 -10.72 1.04 178
107.000 -0.07194 -11.05 1.17 179
107.250 -0.07458 -16.49 -1.28 153
107.500 -0.10294 -9.14 2.45 168
107.750 -0.07356 -10.87 1.18 168
108.000 -0.09263 -8.78 1.50 163
108.250 -0.07537 -8.18 1.45 170
108.500 -0.07297 -7.20 1.72 155
108.750 -0.06506 -8.67 1.29 167
109.000 -0.04232 -10.11 0.84 172
109.250 -0.06119 -7.35 2.75 146
109.500 -0.04752 -8.73 1.90 170
109.750 -0.03714 -9.02 1.46 174
110.000 -0.03213 -7.91 1.58 165
110.250 -0.02991 -7.33 0.86 171
110.500 -0.00596 -10.79 -1.05 183
110.750 -0.03784 -7.95 1.24 173
111.000 -0.02218 -8.24 0.91 173
111.250 -0.03996 -7.98 0.10 167
111.500 -0.04349 -7.52 0.55 169
111.750 -0.04429 -8.05 0.73 169
112.000 -0.02494 -7.90 0.61 165
112.250 -0.02597 -7.85 0.54 175
112.500 -0.04015 -7.21 1.02 169
112.750 -0.02937 -6.85 0.82 174
113.000 -0.00432 -8.14 -0.56 163
113.250 0.00777 -12.33 -2.24 177
113.500 0.00030 -7.20 0.40 175
113.750 -0.03092 -6.54 0.82 166
114.000 -0.01703 -7.18 -0.23 178
114.250 -0.00050 -6.65 -1.88 179
114.500 -0.00491 -7.09 -3.08 176
114.750 -0.00163 -9.86 -4.95 193
115.000 0.02137 -9.87 -5.12 201
115.250 0.04020 -6.44 -4.13 180
115.500 0.03095 -7.03 -4.39 180
115.750 0.01576 -9.23 -4.65 200
116.000 0.01785 -6.00 -3.47 177
116.250 0.03013 -5.52 -3.91 173
116.500 0.05437 -8.46 -5.58 188
116.750 0.05215 -5.46 -4.30 169
117.000 0.06179 -6.34 -4.94 188
117.250 0.03914 -7.34 -5.32 200
117.500 0.05283 -7.83 -5.12 203
117.750 0.05279 -7.36 -5.18 189
118.000 0.06216 -5.31 -4.70 171
118.250 0.07251 -6.95 -5.49 184
118.500 0.08201 -5.09 -4.97 191
118.750 0.08065 -5.63 -5.31 181
119.000 0.07885 -4.46 -4.68 180
119.250 0.10583 -6.23 -5.73 205
119.500 0.10924 -6.40 -5.63 197
119.750 0.10658 -6.25 -5.73 205
120.000 0.08007 -5.94 -5.46 181
120.250 0.07782 -6.21 -5.43 206
120.500 0.08811 -6.32 -5.65 206
120.750 0.09272 -5.96 -5.46 190
121.000 0.08521 -3.73 -4.54 180
121.250 0.11365 -4.67 -5.32 184
121.500 0.11533 -6.32 -6.15 196
121.750 0.09460 -5.92 -5.26 187
122.000 0.06752 -3.87 -4.41 176
122.250 0.08480 -6.23 -5.22 199
122.500 0.08170 -6.13 -5.29 191
122.750 0.08942 -6.14 -4.69 193
123.000 0.09863 -6.24 -4.30 197
123.250 0.11678 -5.62 -4.04 171
123.500 0.09774 -5.80 -3.27 180
123.750 0.12915 -4.89 -3.03 177
124.000 0.11533 -6.13 -3.54 184
124.250 0.12345 -5.95 -3.58 193
124.500 0.11328 -5.70 -3.43 198
124.750 0.12612 -5.34 -3.56 201
125.000 0.09181 -3.84 -2.82 170
125.250 0.07419 -3.64 -2.63 172
125.500 0.08636 -4.94 -3.50 187
125.750 0.07965 -5.13 -3.27 190
126.000 0.08574 -4.02 -2.71 175
126.250 0.07881 -4.90 -2.84 187
126.500 0.09354 -4.83 -3.21 182
126.750 0.11291 -4.20 -2.92 187
127.000 0.10066 -4.53 -2.85 188
127.250 0.07053 -3.81 -2.25 181
127.500 0.09032 -3.98 -2.84 198
127.750 0.07150 -4.00 -2.77 189
128.000 0.04709 -4.09 -2.19 201
128.250 0.06375 -3.88 -2.43 186
128.500 0.05727 -3.89 -2.04 201
128.750 0.07026 -3.64 -2.07 190
129.000 0.07475 -3.54 -2.27 188
129.250 0.07470 -3.54 -2.34 192
129.500 0.07697 -3.18 -2.15 186
129.750 0.07637 -2.58 -2.26 188
130.000 0.09625 -3.05 -2.79 206
130.250 0.08978 -2.62 -2.43 178
130.500 0.07893 -2.87 -2.48 190
130.750 0.05953 -2.84 -2.52 196
131.000 0.04514 -2.57 -2.04 195
131.250 0.06314 -2.52 -2.21 200
131.500 0.07612 -2.28 -2.45 195
131.750 0.09219 -2.13 -2.48 188
132.000 0.09636 -1.82 -2.52 192
132.250 0.10817 -1.72 -2.90 209
132.500 0.11224 -1.26 -2.92 195
132.750 0.11311 -1.42 -3.14 199
133.000 0.09672 -1.30 -3.09 197
133.250 0.10538 -1.09 -3.25 195
133.500 0.11531 -0.96 -3.42 194
133.750 0.11543 -0.66 -3.69 194
134.000 0.12797 -0.41 -3.66 187
134.250 0.13275 -0.33 -4.03 195
134.500 0.13676 -0.25 -4.43 202
134.750 0.14772 -0.26 -4.62 184
135.000 0.16396 -0.00 -4.85 196
135.250 0.16712 0.39 -4.85 181
135.500 0.17316 0.51 -4.09 186
135.750 0.18634 0.75 -3.32 188
136.000 0.20592 1.10 -3.24 199
136.250 0.19817 1.31 -2.91 203
136.500 0.20750 1.55 -3.23 197
136.750 0.20514 1.83 -3.38 188
137.000 0.23149 1.85 -4.16 189
137.250 0.25117 2.36 -4.20 194
137.500 0.26733 2.69 -4.50 191
137.750 0.27502 3.10 -4.67 200
138.000 0.26249 3.17 -4.38 190
138.250 0.24837 3.27 -3.54 182
138.500 0.23728 3.61 -3.51 195
138.750 0.21579 3.78 -3.28 196
139.000 0.21274 4.01 -3.44 194
139.250 0.23636 4.26 -3.30 186
139.500 0.25832 4.52 -3.78 182
139.750 0.28605 4.56 -4.34 193
140.000 0.28996 5.17 -4.35 193
140.250 0.28462 5.48 -4.47 195
140.500 0.28844 5.64 -5.02 187
140.750 0.31505 6.21 -5.27 189
141.000 0.31614 5.91 -5.47 206
141.250 0.31829 5.97 -5.74 184
141.500 0.30173 6.71 -5.41 188
141.750 0.30623 7.42 -5.29 205
142.000 0.31289 7.56 -4.72 191
142.250 0.30801 7.61 -4.58 193
142.500 0.29471 7.40 -4.41 184
142.750 0.30654 7.23 -4.64 193
143.000 0.29410 5.68 -5.11 177
143.250 0.31445 7.13 -4.78 178
143.500 0.32232 8.39 -3.83 182
143.750 0.32082 6.44 -4.53 170
144.000 0.31202 6.98 -3.96 180
144.250 0.31163 7.52 -3.93 183
144.500 0.30976 7.60 -4.02 186
144.750 0.26754 5.88 -4.93 178
145.000 0.28648 7.77 -4.94 189
145.250 0.31249 7.67 -5.21 185
145.500 0.32090 6.66 -5.82 177
145.750 0.33828 7.63 -6.03 191
146.000 0.34562 8.36 -5.86 206
146.250 0.34174 6.60 -6.73 177
146.500 0.35700 8.37 -6.31 194
146.750 0.36825 8.67 -6.57 189
147.000 0.34220 6.53 -7.27 173
147.250 0.36929 8.64 -7.06 185
147.500 0.37211 7.47 -7.44 169
147.750 0.39539 9.40 -6.94 193
148.000 0.39457 9.27 -6.20 202
148.250 0.39830 8.46 -6.03 172
148.500 0.38766 7.03 -6.76 178
148.750 0.37365 6.81 -6.90 164
149.000 0.39984 7.86 -6.39 169
149.250 0.41097 8.15 -6.60 174
149.500 0.43223 9.32 -6.51 185
149.750 0.43292 9.39 -6.20 194
150.000 0.42288 9.29 -6.29 192
150.250 0.40998 9.39 -6.43 192
150.500 0.39288 6.73 -7.49 176
150.750 0.43771 9.33 -6.55 190
151.000 0.44692 8.81 -7.05 184
151.250 0.44687 9.81 -6.88 190
151.500 0.43649 7.09 -8.01 172
151.750 0.47148 8.93 -7.88 177
152.000 0.48970 9.81 -7.95 193
152.250 0.48667 10.00 -8.16 189
152.500 0.48091 8.81 -8.82 183
152.750 0.46732 10.31 -8.24 177
153.000 0.40810 8.67 -8.55 177
153.250 0.40094 10.22 -7.57 184
153.500 0.36343 8.31 -8.13 182
153.750 0.38710 9.47 -8.13 178
154.000 0.37890 7.04 -9.28 172
154.250 0.37839 7.20 -9.29 172
154.500 0.37894 7.18 -9.51 168
154.750 0.43092 9.30 -9.58 183
155.000 0.42331 8.28 -9.56 170
155.250 0.42934 10.07 -8.77 181
155.500 0.42302 10.25 -8.82 194
155.750 0.39987 10.07 -8.62 189
156.000 0.42021 9.95 -9.17 176
156.250 0.42035 8.05 -10.17 166
156.500 0.38740 8.50 -9.30 176
156.750 0.39304 7.39 -9.65 169
157.000 0.41857 8.99 -9.31 187
157.250 0.41048 7.57 -9.14 157
157.500 0.42128 9.26 -8.44 176
157.750 0.39247 7.28 -9.06 164
158.000 0.40261 7.35 -9.43 155
158.250 0.44093 10.45 -8.96 178
158.500 0.47004 9.20 -9.95 173
158.750 0.47665 10.52 -8.74 167
159.000 0.47847 10.17 -8.71 189
159.250 0.45644 7.89 -9.42 164
159.500 0.48839 10.52 -9.10 177
159.750 0.42059 8.36 -9.16 176
160.000 0.45401 10.52 -8.83 173
160.250 0.44499 10.69 -8.57 184
160.500 0.46403 9.58 -9.55 183
160.750 0.44527 7.36 -9.90 160
161.000 0.44770 9.87 -9.04 188
161.250 0.47084 8.30 -10.10 176
161.500 0.47062 10.22 -9.36 188
161.750 0.46080 9.14 -9.72 178
162.000 0.47336 10.48 -9.17 187
162.250 0.47098 10.12 -9.17 176
162.500 0.47175 7.37 -9.30 155
162.750 0.47372 7.26 -9.04 158
163.000 0.46643 7.63 -8.74 160
163.250 0.48874 9.93 -7.10 178
163.500 0.46749 9.32 -7.18 166
163.750 0.48818 8.90 -7.26 194
164.000 0.48884 8.92 -7.37 178
164.250 0.50404 8.93 -7.45 186
164.500 0.51879 9.37 -7.15 178
164.750 0.50264 7.32 -7.73 157
165.000 0.50852 9.61 -6.29 190
165.250 0.51304 9.25 -6.79 171
165.500 0.50281 9.72 -6.42 170
165.750 0.50152 7.61 -6.98 170
166.000 0.49553 6.73 -7.20 162
166.250 0.51236 8.46 -6.86 171
166.500 0.51332 9.58 -6.53 170
166.750 0.47427 9.05 -6.53 182
167.000 0.48150 9.29 -6.51 174
167.250 0.46474 8.64 -6.70 168
167.500 0.43756 6.52 -7.38 160
167.750 0.46929 9.81 -6.63 170
168.000 0.48963 8.84 -7.44 173
168.250 0.49718 9.15 -6.42 183
168.500 0.50801 8.21 -6.94 175
168.750 0.51325 9.43 -6.56 179
169.000 0.50916 9.45 -7.02 172
169.250 0.52019 8.94 -7.76 182
169.500 0.53247 9.93 -7.44 180
169.750 0.53145 10.00 -7.32 174
170.000 0.52108 7.87 -7.77 168
170.250 0.54832 10.26 -7.36 169
170.500 0.53048 7.51 -8.44 147
170.750 0.54816 10.48 -7.17 176
171.000 0.55473 10.12 -7.57 175
171.250 0.55768 9.12 -8.23 171
171.500 0.56958 10.81 -7.96 178
171.750 0.56639 7.92 -8.94 156
172.000 0.60796 9.60 -8.78 165
172.250 0.59460 10.67 -7.94 167
172.500 0.59643 9.45 -8.72 164
172.750 0.57040 9.54 -8.55 161
173.000 0.56882 8.69 -9.47 168
173.250 0.58113 9.83 -10.32 163
173.500 0.53780 9.35 -10.63 165
173.750 0.52404 5.41 -11.80 149
174.000 0.55915 6.56 -11.36 174
174.250 0.57009 8.18 -10.77 176
174.500 0.56640 7.05 -11.39 168
174.750 0.54183 5.41 -12.21 150
175.000 0.56634 7.95 -11.22 181
175.250 0.57895 7.73 -9.68 162
175.500 0.58350 7.56 -9.61 168
175.750 0.56475 7.09 -11.09 165
176.000 0.55221 5.88 -13.46 159
176.250 0.58012 6.77 -15.43 165
176.500 0.61404 5.31 -16.59 151
176.750 0.64317 7.87 -15.23 169
177.000 0.63625 7.29 -14.73 171
177.250 0.62690 7.11 -14.66 178
177.500 0.62952 8.34 -14.91 170
177.750 0.61771 6.11 -15.98 173
178.000 0.63453 6.76 -15.13 180
178.250 0.61820 6.42 -14.22 180
178.500 0.61190 5.75 -12.97 171
178.750 0.59982 5.49 -12.91 175
179.000 0.59762 4.96 -13.18 174
179.250 0.55690 4.75 -13.32 164
179.500 0.52621 4.01 -13.99 170
179.750 0.49544 2.84 -14.66 169
180.000 0.52074 3.97 -15.38 166
180.250 0.49140 0.79 -17.81 172
180.500 0.55625 3.18 -18.57 145
180.750 0.53823 1.43 -19.07 148
181.000 0.54043 1.19 -19.36 145
181.250 0.55762 -0.50 -19.96 145
181.500 0.50493 -3.41 -20.35 140
181.750 0.57875 -1.08 -20.63 139
182.000 0.56728 -2.06 -20.45 146
182.250 0.57979 -1.12 -20.03 150
182.500 0.56793 -1.88 -18.84 153
182.750 0.59369 -1.56 -18.47 144
183.000 0.59637 -1.48 -18.29 174
183.250 0.57669 -1.72 -18.18 157
183.500 0.60024 -1.66 -18.66 157
183.750 0.62460 -1.71 -18.92 156
184.000 0.62967 -2.04 -18.95 157
184.250 0.59378 -2.04 -18.41 154
184.500 0.58795 -2.56 -18.43 158
184.750 0.54226 -4.05 -18.46 173
185.000 0.49717 -4.98 -18.16 155
185.250 0.48009 -5.77 -17.57 157
185.500 0.50312 -4.28 -16.70 163
185.750 0.44950 -5.87 -16.79 163
186.000 0.45687 -4.57 -17.18 148
186.250 0.39873 -4.97 -17.14 142
186.500 0.45473 -3.96 -18.57 132
186.750 0.36025 -7.35 -18.83 135
187.000 0.31950 -8.01 -18.32 124
187.250 0.44024 -8.13 -20.44 140
187.500 0.31524 -13.80 -20.47 126
187.750 0.43368 -9.55 -20.75 135
188.000 0.49546 -9.76 -20.94 124
188.250 0.44955 -10.33 -19.31 137
188.500 0.47041 -10.23 -18.73 140
188.750 0.41166 -9.88 -17.19 140
189.000 0.29297 -10.66 -14.56 130
189.250 0.37561 -9.13 -14.89 142
189.500 0.38417 -8.01 -14.83 134
189.750 0.33817 -7.63 -14.32 131
190.000 0.31437 -12.26 -16.35 130
190.250 0.40218 -7.10 -16.31 132
190.500 0.38404 -8.11 -16.75 135
190.750 0.40840 -7.41 -16.29 156
191.000 0.38863 -6.97 -15.35 139
191.250 0.37890 -7.50 -15.10 145
191.500 0.41696 -7.63 -15.53 136
191.750 0.37561 -6.97 -14.27 141
192.000 0.32019 -7.49 -13.65 126
192.250 0.32467 -7.27 -13.46 134
192.500 0.27080 -6.40 -11.96 126
192.750 0.22582 -7.26 -10.62 126
193.000 0.20721 -6.66 -9.34 129
193.250 0.19215 -7.99 -9.72 125
193.500 0.16900 -8.35 -9.58 124
193.750 0.17876 -9.13 -9.72 123
194.000 0.13098 -8.73 -8.53 121
194.250 0.12259 -13.98 -10.28 136
194.500 0.12783 -8.68 -7.56 130
194.750 0.12440 -7.69 -6.92 122
195.000 0.10439 -9.64 -7.60 135
195.250 0.09103 -8.51 -7.24 131
195.500 0.11932 -8.73 -7.10 124
195.750 0.11308 -9.37 -7.22 124
196.000 0.10167 -8.90 -7.02 122
196.250 0.11673 -8.87 -7.18 119
196.500 0.13056 -9.84 -7.47 133
196.750 0.12087 -8.93 -7.08 128
197.000 0.13522 -8.07 -6.34 109
197.250 0.12064 -8.92 -6.19 118
197.500 0.11364 -7.99 -5.85 115
197.750 0.12255 -9.73 -6.84 113
198.000 0.09483 -7.94 -5.66 109
198.250 0.10713 -15.93 -9.01 121
198.500 0.11128 -9.86 -5.97 110
198.750 0.08857 -8.85 -4.96 119
199.000 0.06585 -10.01 -5.37 117
199.250 0.06053 -9.86 -5.24 120
199.500 0.04581 -9.77 -4.66 116
199.750 -0.00395 -9.51 -3.47 127
200.000 -0.02449 -9.07 -2.38 111
200.250 -0.02424 -11.27 -3.57 111
200.500 0.00011 -13.33 -5.15 117
200.750 0.00562 -10.08 -3.74 112
201.000 0.01590 -10.18 -4.09 117
201.250 0.00561 -10.18 -3.61 118
201.500 0.00059 -10.26 -3.67 112
201.750 0.01452 -11.54 -4.74 108
202.000 -0.00627 -9.50 -3.94 101
202.250 0.01256 -10.45 -4.90 104
202.500 0.02862 -10.08 -5.01 109
202.750 0.03307 -10.86 -5.42 110
203.000 0.04529 -9.13 -5.15 104
203.250 0.03308 -8.73 -4.82 108
203.500 0.04177 -9.63 -5.23 104
203.750 0.03452 -11.12 -5.20 105
204.000 0.03968 -7.95 -4.07 94
204.250 0.05449 -11.67 -5.65 107
204.500 0.06509 -10.25 -4.67 112
204.750 0.07982 -9.86 -4.70 102
205.000 0.08452 -9.39 -4.99 100
205.250 0.10161 -10.20 -6.16 97
205.500 0.13003 -9.58 -6.50 97
205.750 0.15570 -10.97 -7.32 117
206.000 0.16187 -10.80 -7.55 98
206.250 0.14571 -9.62 -6.89 95
206.500 0.16052 -9.95 -7.53 109
206.750 0.16173 -8.52 -7.38 103
207.000 0.17914 -10.80 -9.10 100
207.250 0.20498 -8.75 -9.12 102
207.500 0.19803 -9.21 -9.57 98
207.750 0.20456 -8.65 -9.72 102
208.000 0.20867 -7.94 -8.89 95
208.250 0.22382 -7.87 -8.19 101
208.500 0.24280 -7.45 -8.14 98
208.750 0.24305 -7.82 -8.57 91
209.000 0.25017 -8.04 -9.47 86
209.250 0.28134 -8.59 -10.89 77
209.500 0.28675 -9.10 -12.10 84
209.750 0.29681 -9.92 -13.19 82
210.000 0.31572 -10.77 -14.05 85
210.250 0.30479 -11.69 -14.66 75
210.500 0.25705 -12.05 -14.25 80
210.750 0.34839 -12.91 -16.00 77
211.000 0.32435 -13.00 -15.68 76
211.250 0.31943 -12.30 -15.28 83
211.500 0.27126 -12.07 -14.49 78
211.750 0.30106 -11.79 -14.70 78
212.000 0.30272 -11.62 -14.46 76
212.250 0.27311 -10.68 -13.39 73
212.500 0.21667 -11.29 -12.60 79
212.750 0.24575 -9.77 -12.64 74
213.000 0.22779 -9.84 -12.16 80
213.250 0.20130 -10.07 -11.62 86
213.500 0.23908 -10.39 -11.91 77
213.750 0.17269 -10.22 -10.62 84
214.000 0.22304 -9.89 -10.74 76
214.250 0.21894 -9.42 -9.98 84
214.500 0.22247 -9.13 -8.96 86
214.750 0.22487 -8.88 -9.02 76
215.000 0.21527 -9.28 -8.50 75
215.250 0.21981 -9.31 -8.34 77
215.500 0.17872 -8.49 -7.22 79
215.750 0.19793 -9.73 -6.64 73
216.000 0.18722 -9.48 -6.43 73
216.250 0.22821 -9.57 -6.67 74
216.500 0.18738 -9.36 -5.47 72
216.750 0.17306 -15.07 -6.85 75
217.000 0.17172 -9.56 -3.66 72
217.250 0.15838 -9.92 -3.54 68
217.500 0.15628 -10.57 -3.54 70
217.750 0.15394 -11.12 -3.84 69
218.000 0.14256 -11.15 -3.82 72
218.250 0.15788 -15.08 -5.92 74
218.500 0.13089 -11.27 -4.12 58
218.750 0.11207 -10.17 -3.63 64
219.000 0.15721 -10.39 -4.63 67
219.250 0.11406 -9.63 -3.13 69
219.500 0.09335 -12.30 -2.82 66
219.750 0.09000 -10.36 -2.11 63
220.000 0.09880 -11.83 -2.49 69
220.250 0.10346 -10.67 -2.19 63
220.500 0.11668 -9.40 -1.75 58
220.750 0.11845 -10.78 -2.21 63
221.000 0.13679 -7.92 -1.43 57
221.250 0.16125 -10.50 -2.93 70
221.500 0.12495 -9.66 -2.21 60
221.750 0.14589 -10.65 -3.20 64
222.000 0.07053 -10.80 -2.24 56
222.250 0.08322 -10.32 -2.31 59
222.500 0.08467 -10.99 -2.08 65
222.750 0.07811 -10.95 -1.87 59
223.000 0.05251 -10.33 -1.31 59
223.250 0.07642 -9.83 -1.55 63
223.500 0.09756 -11.16 -2.19 57
223.750 0.09918 -10.89 -1.97 55
224.000 0.13664 -11.59 -2.46 57
224.250 0.14876 -10.42 -2.25 60
224.500 0.15405 -10.25 -2.38 62
224.750 0.14757 -12.25 -2.95 58
225.000 0.14986 -10.18 -1.73 60
225.250 0.12478 -10.51 -1.14 58
225.500 0.07546 -10.55 -0.24 59
225.750 0.02893 -9.90 1.04 53
226.000 0.07538 -11.24 -0.38 58
226.250 0.06916 -11.52 -0.39 58
226.500 0.05864 -11.25 -0.37 58
226.750 0.03691 -11.47 -0.42 49
227.000 -0.03404 -10.80 0.70 50
227.250 -0.02291 -9.64 0.84 53
227.500 -0.00883 -10.25 0.41 52
227.750 0.00284 -10.05 0.14 44
228.000 -0.04853 -11.21 0.51 52
228.250 0.01197 -10.10 -0.03 51
228.500 -0.04665 -11.17 0.34 46
228.750 -0.02294 -12.12 -0.76 53
229.000 -0.03134 -10.44 -0.13 44
229.250 -0.04782 -10.99 -0.45 46
229.500 -0.04170 -10.86 -0.60 48
229.750 -0.03584 -11.20 -0.54 42
230.000 -0.05085 -10.45 -0.19 47
230.250 -0.04448 -10.50 -0.50 44
230.500 -0.05748 -10.90 -0.87 41
230.750 -0.10261 -11.48 -0.92 40
231.000 -0.13708 -11.48 -0.95 33
231.250 -0.17612 -13.12 -1.20 35
231.500 -0.09379 -13.33 -2.71 36
231.750 -0.07122 -12.14 -2.73 38
232.000 -0.03084 -11.82 -3.57 38
232.250 -0.05422 -11.44 -3.26 39
232.500 -0.00673 -10.58 -3.73 35
232.750 -0.02708 -10.88 -2.96 35
233.000 -0.02405 -10.94 -2.38 32
233.250 0.00923 -11.09 -2.18 26
233.500 0.00486 -9.95 -1.46 39
233.750 0.00852 -10.00 -1.75 33
234.000 -0.00112 -11.20 -2.01 36
234.250 0.00943 -10.74 -1.91 36
234.500 -0.00295 -10.39 -1.50 34
234.750 0.00564 -10.02 -1.69 29
235.000 -0.03991 -9.45 -0.21 22
235.250 -0.05301 -9.18 0.22 27
235.500 -0.04127 -9.05 -0.06 24
235.750 -0.04627 -8.95 -0.11 27
236.000 -0.01700 -9.66 -1.06 22
236.250 0.00725 -8.59 -1.15 19
236.500 -0.03563 -9.01 -0.28 25
236.750 -0.01221 -7.81 0.07 25
237.000 -0.03074 -8.19 0.44 23
237.250 -0.03263 -7.67 0.71 23
237.500 -0.04638 -19.32 -3.63 23
237.750 -0.06381 -8.83 0.67 26
238.000 -0.07495 -8.79 1.32 25
238.250 -0.07355 -9.10 1.69 23
238.500 -0.03827 -8.93 0.96 20
238.750 -0.04778 -8.02 1.01 20
239.000 -0.05665 -19.70 -3.15 16
239.250 -0.04355 -9.38 0.64 15
239.500 -0.03352 -9.21 0.79 23
239.750 -0.02525 -7.16 3.41 61
240.000 -0.01797 -8.12 0.61 18
240.250 -0.08485 -19.15 -3.13 17
240.500 0.02268 -20.14 -6.37 60
240.750 -0.10870 -11.92 -0.74 15
241.000 -0.07483 -13.38 -2.65 56
241.250 -0.06069 -11.71 -1.13 68
241.500 0.00775 -9.96 -2.63 18
241.750 0.02040 -9.28 -3.35 58
242.000 0.03108 -8.97 -2.85 45
242.250 -0.06221 -10.00 -1.35 58
242.500 -0.16178 -9.89 -1.06 15
242.750 -0.21600 -10.70 -0.69 60
243.000 -0.20017 -9.91 -1.50 55
243.250 -0.17857 -9.69 -1.73 55
243.500 -0.14736 -9.28 -1.79 53
243.750 -0.13711 -9.74 -1.31 52
244.000 -0.11499 -9.71 -1.17 56
244.250 -0.09447 -9.85 -1.36 60
244.500 -0.07992 -9.88 -1.62 54
244.750 -0.04486 -9.35 -1.96 40
245.000 -0.01485 -10.22 -1.48 39
245.250 0.07771 -8.67 -0.94 51
245.500 0.07341 -9.55 -1.12 52
245.750 0.21028 -8.78 -2.33 41
246.000 0.19133 -9.96 -1.02 45
246.250 0.20716 -9.78 -1.20 46
246.500 0.20570 -9.77 -1.16 48
246.750 0.21168 -9.59 -1.26 41
247.000 0.21800 -9.78 -1.20 56
247.250 0.21081 -9.90 -0.02 53
247.500 0.22190 -9.75 -1.11 54
247.750 0.22593 -10.03 -1.58 46
248.000 0.23001 -9.66 -1.14 58
248.250 0.23636 -9.97 -0.33 65
248.500 0.24913 -9.87 -1.15 60
248.750 0.25026 -10.12 -1.22 57
249.000 0.25436 -9.89 -0.82 58
249.250 0.24293 -9.73 0.02 59
249.500 0.22436 -9.93 -1.01 62
249.750 0.20447 -9.77 -0.29 61
250.000 0.18950 -9.98 -0.81 65
250.250 0.16084 -10.26 -0.01 55
250.500 0.14650 -9.95 -0.51 55
250.750 0.14882 -10.02 -1.04 72
251.000 0.13908 -9.72 -0.94 65
251.250 0.14305 -9.80 -0.87 62
251.500 0.15561 -9.88 -1.49 58
251.750 0.16719 -9.91 -1.37 68
252.000 0.17176 -10.19 -1.17 59
252.250 59.40453 647.85 357.57 17
252.500 59.43216 646.82 356.54 70
252.750 59.42678 648.04 357.46 71
253.000 59.42926 648.21 357.41 83
253.250 59.42440 647.91 357.58 83
253.500 59.42516 647.95 357.39 68
253.750 59.43232 647.84 357.31 77
254.000 59.44661 647.89 357.21 76
254.250 0.00000 647.56 355.68 16
254.500 0.02351 647.83 355.25 86
254.750 0.01572 647.69 356.18 92
255.000 0.01920 647.76 355.49 89
255.250 0.00000 648.14 355.79 16
255.500 0.02305 647.92 355.33 94
255.750 0.03454 647.90 355.50 124
256.000 0.04669 648.12 355.32 107
256.250 0.05693 648.12 355.25 110
256.500 0.07048 648.45 355.58 121
256.750 0.08634 648.15 355.58 135
257.000 0.10142 648.27 355.25 103
257.250 0.11302 648.31 355.59 105
257.500 0.09869 648.57 356.01 117
257.750 0.10777 648.26 355.43 125
258.000 0.06249 648.28 357.03 130
258.250 0.05607 648.14 355.79 135
258.500 0.06831 648.09 355.43 126
258.750 0.07786 648.21 355.36 123
259.000 0.08739 648.04 355.53 144
259.250 0.09260 648.44 355.76 154
259.500 0.04963 648.39 356.24 128
259.750 0.05317 648.18 355.89 142
260.000 0.06175 648.22 356.15 158
260.250 0.01691 647.98 355.97 159
260.500 0.00623 648.38 355.75 140
260.750 0.02159 648.03 355.99 142
261.000 0.02367 648.53 355.71 152
261.250 0.03995 648.24 355.59 175
261.500 0.00779 647.99 355.92 128
261.750 0.00995 648.13 355.69 170
262.000 0.00491 648.19 355.60 160
262.250 -0.01166 648.18 355.71 162
262.500 -0.02351 648.07 355.70 167
262.750 -0.01653 648.19 355.50 169
263.000 -0.00799 648.20 355.65 190
263.250 -0.00877 648.02 355.61 188
263.500 -0.00358 648.03 355.53 197
263.750 0.00305 648.20 355.94 188
264.000 0.01471 648.12 355.46 204
264.250 0.02277 648.06 355.39 191
264.500 0.03849 648.19 356.03 196
264.750 0.03788 648.12 355.74 226
265.000 0.00486 647.74 355.76 196
265.250 0.01243 648.10 355.52 217
265.500 0.02984 648.04 355.18 197
265.750 0.24875 -5.11 -9.31 18
266.000 0.26220 -4.89 -9.44 219
266.250 0.27247 -5.19 -9.43 255
266.500 0.28277 -5.04 -9.65 233
266.750 0.27663 -4.85 -9.17 247
267.000 0.32971 -3.25 -9.87 16
267.250 0.43508 0.78 -9.86 16
267.500 0.37594 -1.31 -9.92 15
267.750 0.37931 -0.87 -10.30 243
268.000 0.31779 -2.68 -10.18 15
268.250 0.31168 -2.46 -9.23 15
268.500 0.23469 -2.57 -8.10 243
268.750 0.24064 -2.23 -9.25 270
269.000 0.24775 -2.40 -8.58 244
269.250 0.23529 -2.47 -9.39 240
269.500 0.23903 -2.45 -8.90 250
269.750 0.25189 -2.49 -8.97 252
270.000 0.25779 -2.45 -9.41 259
270.250 0.27619 -2.37 -9.59 266
270.500 0.28703 -2.47 -9.34 267
270.750 0.30325 -2.51 -9.34 253
271.000 0.30293 -2.47 -9.31 259
271.250 0.31222 -2.52 -9.40 269
271.500 0.31292 -1.17 -8.01 15
271.750 0.32825 -1.66 -8.71 271
272.000 0.32885 -1.20 -8.26 255
272.250 0.33715 -0.96 -8.36 252
272.500 0.32344 -2.58 -9.89 16
272.750 0.34890 -1.25 -9.75 17
273.000 0.31164 -0.96 -9.59 252
273.250 0.30670 -1.17 -9.94 248
273.500 0.29046 -2.72 -9.60 16
273.750 0.24319 -2.69 -8.36 262
274.000 0.23570 -2.70 -9.48 285
274.250 0.22679 -2.79 -9.12 254
274.500 0.24152 -2.54 -9.55 244
274.750 0.24251 -2.85 -9.63 273
275.000 0.21491 -2.66 -8.80 260
275.250 0.18358 -2.78 -8.79 267
275.500 0.18948 -2.69 -9.45 260
275.750 0.16551 -3.04 -9.51 267
276.000 0.28866 -0.11 -6.55 15
276.250 0.25874 -0.06 -5.72 256
276.500 0.26357 -0.30 -6.19 270
276.750 0.27635 0.02 -6.88 263
277.000 0.29557 -0.20 -6.48 267
277.250 0.29966 0.14 -6.68 267
277.500 0.30963 -0.16 -6.91 282
277.750 0.28341 -0.23 -6.58 264
278.000 0.27167 -0.32 -6.65 259
278.250 0.27125 -0.02 -6.72 264
278.500 0.24097 -0.17 -6.42 281
278.750 0.25132 -0.09 -6.91 280
279.000 0.26891 0.10 -6.86 276
279.250 0.25314 0.01 -5.79 253
279.500 0.25198 0.04 -6.42 255
279.750 0.25283 -0.07 -6.57 276
280.000 0.24199 -0.19 -6.50 268
280.250 0.22928 -0.10 -6.31 269
280.500 0.23180 -0.01 -6.69 266
280.750 0.24530 -0.09 -6.94 248
281.000 0.25657 -0.19 -6.66 260
281.250 0.26239 0.30 -6.57 274
281.500 0.27463 -0.32 -6.79 261
281.750 0.28668 0.05 -6.63 277
282.000 0.29310 -0.13 -6.75 281
282.250 0.29032 0.06 -6.26 271
282.500 0.28011 -0.04 -6.46 267
282.750 0.28700 -0.01 -6.36 228
283.000 0.29902 -0.05 -5.44 227
283.250 0.29906 -0.15 -6.38 232
283.500 0.30507 0.01 -6.35 235
283.750 0.30144 -0.27 -6.56 265
284.000 0.30798 0.13 -6.79 249
284.250 0.31871 -0.34 -6.94 237
284.500 0.32970 0.12 -5.57 228
284.750 0.32465 -0.05 -6.58 236
285.000 0.31881 -0.13 -6.17 249
285.250 0.32120 -0.11 -6.31 225
285.500 0.32436 0.01 -6.32 227
285.750 0.33243 -0.12 -6.85 239
286.000 0.34409 0.24 -6.81 235
286.250 0.34290 -0.19 -6.76 224
286.500 0.35404 0.03 -6.90 231
286.750 0.35627 -0.08 -6.74 238
287.000 0.32778 -0.10 -6.36 221
287.250 0.33037 -0.11 -6.69 278
287.500 0.30666 -0.14 -5.61 246
287.750 0.31520 -0.24 -6.54 246
288.000 0.32146 -0.03 -6.75 243
288.250 0.31747 -0.16 -6.53 267
288.500 0.30829 -0.18 -6.42 243
288.750 0.31713 -0.08 -6.65 242
289.000 0.32261 -0.08 -6.49 238
289.250 0.31719 -0.16 -6.66 229
289.500 0.33356 -0.18 -6.89 261
289.750 0.34181 0.06 -6.68 235
290.000 0.34674 -0.34 -6.40 213
290.250 0.34614 -0.13 -5.46 230
290.500 0.36141 -0.14 -6.94 233
290.750 0.36838 -0.18 -6.41 232
291.000 0.38608 -0.23 -6.97 230
291.250 0.40464 0.06 -7.04 228
291.500 0.40137 -0.05 -6.30 222
291.750 0.38205 0.07 -5.83 230
292.000 0.37733 -0.15 -6.71 233
292.250 0.38250 0.08 -6.55 215
292.500 0.39382 -0.00 -6.23 224
292.750 0.37621 0.08 -6.10 242
293.000 0.36668 -0.34 -6.75 220
293.250 0.37351 0.07 -6.82 236
293.500 0.37769 -0.25 -6.68 239
293.750 0.37661 -0.05 -6.81 236
294.000 0.39027 0.02 -6.86 244
294.250 0.39362 -0.03 -6.67 222
294.500 0.39748 -0.08 -6.74 203
294.750 0.40677 -0.08 -6.77 232
295.000 0.40919 -0.03 -6.82 219
295.250 0.39407 -0.16 -6.64 223
295.500 0.37009 -0.03 -6.48 213
295.750 0.35895 -0.21 -6.72 214
296.000 0.35602 0.17 -6.67 207
296.250 0.36837 -0.13 -6.47 226
296.500 0.37910 -0.04 -6.82 233
296.750 0.39329 -0.09 -6.97 224
297.000 0.40205 -0.16 -6.81 222
297.250 0.40452 0.02 -6.56 245
297.500 0.40453 -0.02 -6.09 220
297.750 0.40935 -0.02 -6.78 219
298.000 0.42270 0.09 -6.94 205
298.250 0.40048 -0.12 -6.50 210
298.500 0.38214 -0.02 -5.60 199
298.750 0.35892 -0.21 -6.25 230
299.000 0.37309 0.16 -6.87 237
299.250 0.38059 -0.03 -6.81 241
299.500 0.38086 -0.01 -6.32 210
299.750 0.38078 -0.03 -6.38 197
300.000 0.38627 -0.05 -6.49 199
300.250 0.39591 -0.06 -7.05 204
300.500 0.38586 0.06 -6.64 190
300.750 0.37421 -0.02 -6.32 209
301.000 0.34360 -0.18 -5.41 203
301.250 0.34023 -0.19 -6.88 181
301.500 0.33414 -0.11 -6.69 205
301.750 0.33648 0.24 -6.59 196
302.000 0.34248 0.00 -6.52 211
302.250 0.34441 -0.06 -6.23 211
302.500 0.34671 0.03 -6.83 200
302.750 0.35506 -0.02 -6.87 199
303.000 0.36773 -0.16 -6.93 200
303.250 0.37779 0.00 -6.96 190
303.500 0.39259 0.08 -6.92 206
303.750 0.39929 0.00 -6.42 206
304.000 0.40258 0.06 -6.72 216
304.250 0.40035 -0.05 -6.62 212
304.500 0.41160 0.02 -6.49 201
304.750 0.42333 0.16 -6.82 204
305.000 0.41603 -0.14 -6.33 190
305.250 0.41780 -0.04 -5.94 192
305.500 0.42241 -0.09 -6.43 210
305.750 0.41581 0.08 -6.00 209
306.000 0.42512 0.02 -6.47 203
306.250 0.43660 -0.07 -6.05 195
306.500 0.42727 -0.18 -5.91 191
306.750 0.41531 -0.05 -6.33 207
307.000 0.42322 -0.12 -6.63 202
307.250 0.42065 -0.47 -6.83 204
307.500 0.41986 0.26 -6.56 211
307.750 0.37125 -0.24 -6.00 198
308.000 0.35023 -0.33 -6.53 209
308.250 0.35576 0.22 -6.27 202
308.500 0.37891 -0.09 -7.05 211
308.750 0.39176 -0.18 -6.84 213
309.000 0.40168 -0.17 -6.86 216
309.250 0.40134 -0.06 -6.83 206
309.500 0.40830 -0.12 -6.80 201
309.750 0.42071 -0.14 -6.68 197
310.000 0.43153 -0.03 -6.90 193
310.250 0.44132 0.06 -6.61 203
310.500 0.42759 0.03 -5.50 189
310.750 0.43428 -0.06 -6.61 216
311.000 0.43774 0.02 -6.84 186
311.250 0.44707 0.03 -6.81 190
311.500 0.44590 -0.02 -6.48 208
311.750 0.46959 -0.05 -7.04 189
312.000 0.47642 0.00 -6.67 200
312.250 0.48330 0.16 -6.40 192
312.500 0.48731 -0.14 -6.76 215
312.750 0.46794 -0.18 -6.62 207
313.000 0.47436 0.02 -6.36 193
313.250 0.46775 -0.09 -6.62 196
313.500 0.48153 -0.02 -6.89 207
313.750 0.49442 -0.17 -6.89 208
314.000 0.50478 -0.10 -7.06 197
314.250 0.49565 -0.06 -6.63 199
314.500 0.51178 -0.02 -6.77 208
314.750 0.51626 0.06 -6.72 190
315.000 0.51974 0.03 -6.75 208
315.250 0.52449 0.00 -6.30 194
315.500 0.50818 -0.14 -6.40 210
315.750 0.50594 -0.01 -6.44 212
316.000 0.52329 0.05 -6.60 195
316.250 0.53348 0.11 -6.65 198
316.500 0.53084 0.04 -6.25 175
316.750 0.53053 -0.02 -6.34 184
317.000 0.52847 0.00 -6.37 198
317.250 0.51976 -0.15 -6.53 207
317.500 0.53426 -0.01 -6.58 207
317.750 0.50425 -0.33 -6.04 224
318.000 0.48929 -0.13 -5.76 203
318.250 0.47953 -0.17 -6.02 202
318.500 0.48155 0.03 -5.56 198
318.750 0.47459 -0.01 -6.27 191
319.000 0.47970 -0.14 -5.86 185
319.250 0.49541 -0.03 -6.53 181
319.500 0.49824 -0.06 -6.81 186
319.750 0.49970 -0.19 -6.40 192
320.000 0.51627 0.08 -7.00 182
320.250 0.51430 -0.09 -6.76 182
320.500 0.51958 -0.04 -6.81 180
320.750 0.50725 -0.03 -5.95 188
321.000 0.49566 -0.18 -6.56 186
321.250 0.50177 0.17 -6.67 206
321.500 0.51137 0.16 -6.10 183
321.750 0.47597 -0.23 -6.34 187
322.000 0.47814 0.01 -6.73 186
322.250 0.47754 0.04 -6.67 177
322.500 0.48881 -0.01 -6.87 194
322.750 0.50256 0.09 -6.82 188
323.000 0.51786 0.04 -6.45 181
323.250 0.52289 0.04 -6.76 180
323.500 0.53450 -0.18 -6.06 157
323.750 0.53757 -0.21 -6.32 166
324.000 0.55127 -0.19 -6.97 173
324.250 0.55818 0.12 -6.97 164
324.500 0.54376 -0.13 -6.22 183
324.750 0.55414 0.02 -6.92 184
325.000 0.56522 0.12 -6.64 182
325.250 0.57211 -0.01 -6.81 184
325.500 0.57578 0.09 -6.68 197
325.750 0.56245 -0.23 -6.11 181
326.000 0.56135 0.00 -6.71 167
326.250 0.56408 -0.08 -6.55 179
326.500 0.56253 -0.01 -5.62 173
326.750 0.57111 -0.04 -6.57 186
327.000 0.55983 -0.19 -6.36 205
327.250 0.56122 -0.44 -6.61 189
327.500 0.54439 0.03 -6.56 171
327.750 0.55315 0.04 -6.86 188
328.000 0.54389 -0.17 -6.76 180
328.250 0.54817 -0.01 -6.83 184
328.500 0.54626 -0.13 -6.57 184
328.750 0.55658 0.03 -6.82 185
329.000 0.53397 -0.24 -6.76 170
329.250 0.51351 -0.02 -6.20 193
329.500 0.52086 -0.11 -6.85 196
329.750 0.50112 -0.39 -6.62 187
330.000 0.51950 -0.51 -7.11 188
330.250 0.52391 -0.80 -6.95 193
330.500 0.53014 -0.90 -6.67 166
330.750 0.53228 -0.74 -6.87 192
331.000 0.53560 -0.70 -7.00 178
331.250 0.53654 0.10 -6.83 170
331.500 0.54530 0.11 -6.93 181
331.750 0.55674 0.36 -6.89 173
332.000 0.56424 0.46 -6.74 174
332.250 0.55962 0.05 -6.49 168
332.500 0.57655 -0.10 -6.74 170
332.750 0.59153 -0.18 -6.78 156
333.000 0.60626 -0.07 -6.86 167
333.250 0.61013 -0.08 -6.82 162
333.500 0.61585 -0.02 -5.97 150
333.750 0.61500 -0.03 -6.20 163
334.000 0.61583 0.02 -6.44 189
334.250 0.63503 -0.04 -6.72 182
334.500 0.64349 0.02 -6.67 173
334.750 0.62686 -0.22 -6.02 161
335.000 0.62175 -0.05 -6.23 158
335.250 0.62333 -0.18 -6.54 193
335.500 0.63224 -0.04 -6.87 175
335.750 0.62713 -0.10 -6.67 186
336.000 0.62359 -0.22 -6.44 192
336.250 0.61723 -0.09 -5.88 165
336.500 0.61489 -0.05 -6.42 173
336.750 0.59915 -0.35 -6.65 161
337.000 0.60576 -0.19 -6.64 180
337.250 0.60658 -0.22 -6.70 172
337.500 0.58118 -0.10 -6.43 170
337.750 0.58602 0.14 -6.60 188
338.000 0.59766 -0.14 -6.86 177
338.250 0.57793 -0.18 -6.35 168
338.500 0.56391 -0.35 -5.86 153
338.750 0.57571 -0.23 -6.85 166
339.000 0.57673 -0.16 -6.54 176
339.250 0.55777 -0.14 -6.29 170
339.500 0.54396 -0.23 -6.54 175
339.750 0.54982 -0.22 -6.90 165
340.000 0.55219 -0.07 -6.39 172
340.250 0.53999 -0.16 -6.68 159
340.500 0.53070 -0.22 -6.61 175
340.750 0.52447 -0.10 -6.79 168
341.000 0.49714 -0.25 -6.48 176
341.250 0.47249 -0.19 -6.36 166
341.500 0.48026 -0.16 -6.85 169
341.750 0.48332 -0.06 -6.71 184
342.000 0.45887 -0.06 -6.44 164
342.250 0.46331 0.10 -6.73 165
342.500 0.47589 -0.11 -6.88 175
342.750 0.48000 -0.17 -6.72 177
343.000 0.48182 -0.21 -6.94 168
343.250 0.47078 -0.02 -6.78 162
343.500 0.47085 -0.02 -6.72 165
343.750 0.48856 0.19 -6.65 162
344.000 0.48154 -0.15 -5.71 163
344.250 0.48112 -0.09 -6.45 161
344.500 0.48868 0.16 -6.60 161
344.750 0.48897 -0.07 -6.98 142
345.000 0.49916 -0.14 -7.01 151
345.250 0.50132 -0.34 -6.05 157
345.500 0.52239 -0.35 -6.79 156
345.750 0.52581 -0.65 -6.66 162
346.000 0.54421 -0.59 -6.98 170
346.250 0.55107 -0.10 -6.83 166
346.500 0.55827 -0.14 -6.99 165
346.750 0.55978 0.26 -6.98 162
347.000 0.57047 0.03 -6.84 148
347.250 0.58836 0.11 -6.18 157
347.500 0.58939 -0.06 -6.65 163
347.750 0.60761 0.32 -6.29 162
348.000 0.60924 -0.10 -6.53 159
348.250 0.62779 -0.13 -6.17 157
348.500 0.63997 -0.03 -5.94 152
348.750 0.66569 -0.12 -6.90 181
349.000 0.68541 -0.30 -6.62 159
349.250 0.70060 -0.51 -6.35 153
349.500 0.73261 -0.55 -6.77 168
349.750 0.75353 -0.75 -6.69 160
350.000 0.76662 -0.54 -6.87 152
350.250 0.76150 -0.31 -6.90 154
350.500 0.74184 -0.20 -6.74 158
350.750 0.73726 0.05 -6.76 150
351.000 0.74567 0.06 -6.97 149
351.250 0.75492 0.24 -6.91 161
351.500 0.75452 0.20 -6.90 152
351.750 0.75366 0.12 -6.28 161
352.000 0.74319 0.15 -6.77 175
352.250 0.74308 0.06 -6.46 173
352.500 0.73379 -0.01 -6.75 167
352.750 0.73222 0.07 -6.60 149
353.000 0.73188 -0.14 -6.78 152
353.250 0.72685 0.11 -5.54 167
353.500 0.67357 -0.17 -5.48 170
353.750 0.67182 -0.12 -6.59 172
354.000 0.64322 -0.21 -6.13 182
354.250 0.64116 -0.13 -6.09 166
354.500 0.63951 -0.11 -6.49 174
354.750 0.61799 -0.24 -6.05 173
355.000 0.62316 0.05 -6.60 180
355.250 0.63205 -0.13 -6.15 168
355.500 0.62591 0.03 -6.67 165
355.750 0.63274 -0.23 -6.76 150
356.000 0.63009 -0.25 -6.49 163
356.250 0.63363 -0.13 -6.38 155
356.500 0.61597 -0.22 -6.38 145
356.750 0.58583 -0.35 -6.36 144
357.000 0.59805 0.02 -6.21 160
357.250 0.58853 -0.27 -6.57 175
357.500 0.57699 -0.09 -6.45 153
357.750 0.58471 0.10 -6.82 160
358.000 0.54747 -0.21 -5.51 152
358.250 0.51746 -0.24 -6.52 151
358.500 0.50360 -0.23 -6.05 156
358.750 0.50488 -0.01 -6.53 175
359.000 0.45147 -0.32 -5.53 164
359.250 0.40802 -0.20 -5.20 168
359.500 0.39275 -0.26 -5.86 177
359.750 0.39977 0.07 -6.02 161
360.000 0.40227 -0.19 -6.56 167
360.250 0.39099 -0.30 -6.62 152
360.500 0.38038 -0.20 -6.73 159
360.750 0.36743 -0.27 -6.30 159
361.000 0.38000 -0.12 -6.13 132
361.250 0.37988 -0.03 -6.51 169
361.500 0.34239 -0.41 -6.12 171
361.750 0.33726 -0.03 -6.21 150
362.000 0.34528 -0.10 -6.54 152
362.250 0.36350 0.08 -6.44 147
362.500 0.34905 -0.24 -6.08 147
362.750 0.35283 -0.22 -6.33 143
363.000 0.36799 0.14 -6.74 135
363.250 0.34168 -0.22 -6.16 143
363.500 0.32025 -0.38 -6.12 147
363.750 0.31999 -0.16 -6.73 146
364.000 0.29995 -0.24 -6.20 159
364.250 0.27296 -0.29 -6.15 171
364.500 0.28488 -0.01 -6.60 165
364.750 0.29408 -0.13 -6.79 140
365.000 0.30260 -0.26 -6.89 127
365.250 0.31352 -0.10 -6.72 140
365.500 0.28725 -0.35 -6.54 144
365.750 0.28542 -0.13 -6.56 151
366.000 0.23676 -0.36 -6.35 140
366.250 0.21722 -0.27 -6.50 139
366.500 0.22186 -0.11 -6.78 144
366.750 0.19719 -0.25 -6.59 146
367.000 0.19007 -0.20 -6.50 160
367.250 0.20828 -0.07 -6.93 140
367.500 0.22136 -0.16 -6.75 131
367.750 0.23705 -0.29 -6.84 150
368.000 0.24465 -0.29 -6.89 126
368.250 0.25426 0.03 -6.96 137
368.500 0.27406 0.10 -6.92 153
368.750 0.27475 0.26 -5.80 131
369.000 0.28045 0.12 -6.32 138
369.250 0.29577 0.07 -6.92 141
369.500 0.30147 0.11 -6.86 126
369.750 0.29272 0.07 -6.59 129
370.000 0.31358 0.08 -7.01 141
370.250 0.31552 -0.06 -6.25 125
370.500 0.31587 0.10 -6.79 130
370.750 0.30787 -0.25 -6.81 130
371.000 0.29672 0.06 -6.60 138
371.250 0.30622 0.06 -6.71 159
371.500 0.31674 -0.03 -6.66 133
371.750 0.33276 0.08 -6.52 116
372.000 0.30396 -0.71 -5.68 126
372.250 0.29109 -0.42 -6.44 136
372.500 0.29428 0.06 -5.61 116
372.750 0.27197 -0.78 -5.77 94
373.000 0.25459 -0.66 -6.45 114
373.250 0.25794 -0.37 -6.67 110
373.500 0.27139 -0.54 -7.23 117
373.750 0.27116 -0.30 -6.65 127
374.000 0.27746 -0.52 -6.66 112
374.250 0.26929 -0.07 -6.39 114
374.500 0.25756 -0.53 -6.38 104
374.750 0.25389 -0.28 -6.77 109
375.000 0.26753 -0.26 -6.79 109
375.250 0.25971 -0.22 -6.65 97
375.500 0.26732 -0.24 -6.00 92
375.750 0.24330 -0.39 -6.36 102
376.000 0.24036 0.02 -6.59 88
376.250 0.23470 -0.17 -6.80 86
376.500 0.21181 -0.23 -5.86 82
376.750 0.20699 -0.33 -6.76 67
377.000 0.18761 -0.16 -6.36 86
377.250 0.19828 -0.13 -6.80 87
377.500 0.17948 -0.44 -6.53 86
377.750 0.18479 0.02 -6.69 88
378.000 0.18317 -0.17 -6.42 89
378.250 0.21071 -0.63 -7.39 74
378.500 0.21216 -0.06 -6.64 79
378.750 0.21104 -0.22 -6.46 85
379.000 0.17445 -0.11 -5.33 80
379.250 0.16804 -0.33 -6.69 64
379.500 0.17488 -0.10 -6.14 76
379.750 0.18069 -0.39 -6.69 78
380.000 0.19997 -0.22 -7.08 63
380.250 0.21288 -0.03 -6.83 66
380.500 0.21446 -0.38 -6.85 58
380.750 0.21774 -0.20 -6.62 73
381.000 0.22184 -0.30 -6.89 66
381.250 0.24459 -0.06 -7.17 63
381.500 0.22363 -0.24 -6.54 63
381.750 0.22037 -0.06 -6.52 60
382.000 0.21512 0.17 -6.56 57
382.250 0.21275 -0.16 -6.62 54
382.500 0.24008 -0.04 -7.38 48
382.750 0.25335 -0.06 -6.93 56
383.000 0.25133 -0.19 -6.86 53
383.250 0.22888 -0.18 -6.53 47
383.500 0.22598 -0.02 -5.50 57
383.750 0.22891 -0.39 -6.33 46
384.000 0.21140 -0.08 -6.28 48
384.250 0.21176 -0.01 -6.56 47
384.500 0.21009 -0.07 -6.01 42
384.750 0.21838 -0.06 -6.78 52
385.000 0.21589 -0.20 -6.60 61
385.250 0.22972 -0.01 -6.82 58
385.500 0.24095 0.12 -7.03 44
385.750 0.22384 -0.14 -5.54 38
386.000 0.21569 -0.22 -6.30 38
386.250 0.20450 -0.00 -6.46 47
386.500 0.21309 -0.31 -6.68 46
386.750 0.22810 -0.12 -6.25 44
387.000 0.24641 -0.22 -6.54 35
387.250 0.19841 -0.15 -5.74 44
387.500 0.20698 -0.05 -6.06 31
387.750 0.17273 -0.21 -5.96 40
388.000 0.18447 0.03 -5.70 40
388.250 0.20044 -0.06 -5.84 33
388.500 0.19918 -0.04 -6.36 32
388.750 0.19084 0.08 -5.77 33
389.000 0.20446 0.07 -6.47 37
389.250 0.18648 -0.18 -6.55 38
389.500 0.17551 -0.05 -6.57 39
389.750 0.18027 0.08 -6.46 37
390.000 0.17481 0.06 -6.68 36
390.250 0.18262 -0.09 -6.55 34
390.500 0.19139 -0.13 -7.06 32
390.750 0.18359 0.02 -6.73 32
391.000 0.19282 -0.08 -7.05 26
391.250 0.20310 0.35 -6.60 34
391.500 0.19116 -0.25 -6.80 29
391.750 0.20153 0.28 -6.88 31
392.000 0.18004 -0.24 -6.48 27
392.250 0.17666 0.33 -6.35 26
392.500 0.17370 0.40 -6.63 22
392.750 0.17208 -0.05 -6.83 19
393.000 0.16780 -0.22 -6.58 21
393.250 0.16658 -0.07 -6.66 26
393.500 0.17765 0.33 -6.79 21
393.750 0.19725 -0.30 -6.49 18
394.000 0.17399 -0.06 -6.41 18
394.250 0.18836 -0.03 -7.04 20
394.500 0.17394 -0.15 -6.65 21
394.750 0.20799 -0.18 -7.43 25
395.000 0.18883 -0.41 -6.62 24
395.250 0.20229 0.24 -6.77 26
395.500 0.20008 0.01 -6.68 24
395.750 0.21875 -0.19 -6.77 26
396.000 0.21903 -0.07 -6.63 36
396.250 0.27728 -0.17 -7.89 31
396.500 0.33612 0.29 -7.27 24
396.750 0.43012 1.30 -7.00 20
397.000 0.44128 0.04 -6.53 23
397.250 0.47384 0.10 -6.74 23
397.500 0.49859 0.04 -6.56 25
397.750 0.50115 -0.23 -6.72 30
398.000 0.50967 -0.37 -6.90 27
398.250 0.49972 -0.22 -6.76 22
398.500 0.49014 -0.24 -6.80 28
398.750 0.41056 -0.52 -5.51 31
399.000 0.39605 -0.25 -6.44 28
399.250 0.41883 -0.16 -6.75 27
399.500 0.41910 -0.14 -6.66 30
399.750 0.44836 0.09 -6.65 26
400.000 0.44650 -0.12 -6.59 34
400.250 0.45418 0.09 -6.73 29
400.500 0.45330 -0.07 -6.57 32
400.750 0.44874 -0.21 -6.46 42
401.000 0.50197 0.42 -6.77 38
401.250 0.47367 -0.19 -6.33 33
401.500 0.45209 -0.02 -6.40 28
401.750 0.45017 -0.04 -6.70 29
402.000 0.43235 -0.25 -6.44 27
402.250 0.43850 -0.27 -6.90 30
402.500 0.44104 -0.23 -6.92 30
402.750 0.45302 -0.07 -6.99 26
403.000 0.45416 0.04 -6.57 37
403.250 0.47584 0.24 -6.62 35
403.500 0.48178 0.08 -6.57 38
403.750 0.48615 0.06 -6.25 34
404.000 0.49574 -0.20 -6.90 34
404.250 0.51303 0.06 -6.80 33
404.500 0.51933 -0.11 -7.00 32
404.750 0.49953 0.36 -5.44 36
405.000 0.51855 -0.49 -7.20 32
405.250 0.52602 0.10 -6.61 35
405.500 0.52858 0.03 -6.81 38
405.750 0.48695 -0.26 -6.48 39
406.000 0.46551 -0.42 -6.68 25
406.250 0.47713 0.08 -6.70 25
406.500 0.44477 -0.51 -6.37 28
406.750 0.47190 0.03 -7.18 38
407.000 0.47606 0.07 -6.64 42
407.250 0.47014 -0.08 -6.69 35
407.500 0.46469 -0.16 -6.86 29
407.750 0.44852 -0.01 -6.76 35
408.000 0.48972 0.52 -7.17 35
408.250 0.47569 0.12 -6.64 35
408.500 0.47378 0.23 -6.72 29
408.750 0.47434 0.37 -6.28 26
409.000 0.47056 -0.01 -6.50 31
409.250 0.48332 0.47 -6.69 29
409.500 0.44849 0.10 -6.05 34
409.750 0.47695 -0.01 -7.13 26
410.000 0.44024 -0.54 -6.52 33
410.250 0.44146 -0.06 -6.84 35
410.500 0.43065 -0.09 -6.55 37
410.750 0.46828 0.13 -6.70 40
411.000 0.48258 0.10 -6.77 37
411.250 0.50644 0.23 -6.75 40
411.500 0.52357 0.14 -6.71 39
411.750 0.53160 -0.11 -7.07 34
412.000 0.49628 -0.37 -6.31 28
412.250 0.51317 -0.04 -7.02 30
412.500 0.51077 -0.25 -7.04 27
412.750 0.52227 0.02 -7.01 34
413.000 0.54771 0.07 -6.17 42
413.250 0.55866 0.12 -6.77 38
413.500 0.57056 0.06 -6.35 37
413.750 0.56557 -0.09 -6.82 34
414.000 0.58102 -0.02 -6.56 35
414.250 0.59064 0.16 -6.19 29
414.500 0.61318 0.07 -7.00 33
414.750 0.61386 -0.11 -6.53 37
415.000 0.62857 -0.15 -6.77 38
415.250 0.63578 -0.12 -6.71 38
415.500 0.64000 0.19 -6.83 37
415.750 0.65225 0.03 -6.71 43
416.000 0.65612 0.16 -6.45 41
416.250 0.65170 0.01 -6.68 36
416.500 0.65697 0.06 -6.25 36
416.750 0.66683 0.16 -6.80 37
417.000 0.65507 0.04 -6.65 32
417.250 0.66363 0.05 -6.76 34
417.500 0.64379 -0.12 -6.69 42
417.750 0.64164 -0.06 -6.48 41
418.000 0.61666 -0.29 -6.50 38
418.250 0.30247 12.35 -8.55 17
418.500 0.29712 11.40 -9.22 22
418.750 0.22878 9.69 -8.98 15
419.000 0.33000 11.81 -9.10 22
419.250 0.34157 12.49 -8.92 17
419.500 0.35992 12.31 -9.06 16
419.750 0.29182 10.47 -9.19 15
420.000 0.34522 12.19 -9.46 17
420.250 0.32781 11.80 -9.41 18
420.500 0.33544 11.80 -9.18 42
420.750 0.32546 11.36 -9.08 23
421.000 0.27642 11.54 -7.99 22
421.250 0.31920 11.22 -8.99 19
421.500 0.29796 11.78 -8.57 21
421.750 0.30603 11.92 -8.56 19
422.000 0.33784 11.23 -9.11 21
422.250 0.32974 11.71 -8.93 19
422.500 0.32098 11.04 -9.49 23
422.750 0.33614 11.29 -9.64 24
423.000 0.34231 12.31 -9.52 18
423.250 0.34950 9.23 -11.24 23
423.500 0.41727 11.77 -11.50 18
423.750 0.34710 11.21 -11.08 28
424.000 0.34528 11.85 -10.66 24
424.250 0.37232 11.29 -11.38 32
424.500 0.40164 11.53 -11.55 28
424.750 0.39054 11.85 -11.19 28
425.000 0.36590 10.89 -11.21 23
425.250 0.38158 12.03 -10.95 22
425.500 0.38940 11.39 -11.66 29
425.750 0.39563 11.79 -11.02 23
426.000 0.40012 11.66 -10.36 25
426.250 0.39291 12.50 -10.21 23
426.500 0.37725 12.33 -9.86 25
426.750 0.39641 12.05 -10.21 29
427.000 0.38131 12.66 -9.16 29
427.250 0.35463 11.40 -9.47 35
427.500 0.35848 11.54 -9.29 34
427.750 0.35303 11.66 -9.41 34
428.000 0.33796 11.84 -9.34 31
428.250 0.34772 11.90 -9.56 33
428.500 0.29373 11.21 -8.81 27
428.750 0.35567 12.12 -9.54 27
429.000 0.32765 11.48 -9.61 25
429.250 0.36027 11.87 -9.68 32
429.500 0.36256 11.64 -10.07 37
429.750 0.37738 12.67 -9.83 35
430.000 0.36425 12.23 -10.32 41
430.250 0.37497 12.12 -10.74 46
430.500 0.38835 12.50 -10.11 46
430.750 0.37694 12.54 -10.19 43
431.000 0.37586 12.32 -10.27 45
431.250 0.33263 10.27 -10.29 42
431.500 0.39658 12.68 -10.27 41
431.750 0.39965 12.76 -10.00 39
432.000 0.42751 14.32 -9.72 41
432.250 0.39909 12.16 -9.93 40
432.500 0.39021 12.44 -9.40 48
432.750 0.38098 11.86 -9.40 43
433.000 0.39047 12.76 -9.24 37
433.250 0.32733 10.65 -8.39 38
433.500 0.44071 10.85 -9.87 32
433.750 0.42510 12.99 -8.98 38
434.000 0.39020 12.88 -8.73 41
434.250 0.40096 12.65 -8.95 43
434.500 0.40137 11.24 -9.37 39
434.750 0.44482 12.78 -9.15 43
435.000 0.45812 13.43 -9.14 47
435.250 0.43622 14.42 -8.37 51
435.500 0.44691 14.01 -8.23 54
435.750 0.47978 14.31 -7.59 51
436.000 0.46371 13.57 -7.96 47
436.250 0.40324 12.89 -7.77 44
436.500 0.40162 14.62 -7.20 46
436.750 0.43370 13.53 -8.41 47
437.000 0.44438 13.79 -8.73 46
437.250 0.45740 14.53 -8.65 43
437.500 0.51426 11.64 -10.88 47
437.750 0.46917 12.53 -10.21 47
438.000 0.47017 15.08 -9.33 43
438.250 0.49533 14.58 -10.09 49
438.500 0.41848 13.22 -9.51 55
438.750 0.48490 16.90 -8.93 51
439.000 0.49107 14.57 -9.84 55
439.250 0.46606 12.75 -10.41 47
439.500 0.47840 12.87 -10.68 49
439.750 0.52133 16.96 -9.80 49
440.000 0.50032 11.09 -12.20 52
440.250 0.48625 13.81 -10.93 56
440.500 0.53630 15.61 -11.20 52
440.750 0.50114 14.51 -11.56 47
441.000 0.48107 15.48 -11.22 63
441.250 0.43551 15.43 -10.83 56
441.500 0.43119 13.17 -11.76 56
441.750 0.42946 12.98 -11.96 50
442.000 0.42830 14.68 -10.96 62
442.250 0.46358 16.87 -10.51 57
442.500 0.45753 15.18 -11.38 63
442.750 0.43545 12.41 -12.47 57
443.000 0.48058 15.35 -12.00 64
443.250 0.51717 20.78 -10.03 68
443.500 0.44123 16.27 -10.98 62
443.750 0.48553 19.30 -10.46 55
444.000 0.40319 15.06 -10.77 56
444.250 0.40997 11.83 -12.42 57
444.500 0.45422 13.10 -12.66 59
444.750 0.49943 15.34 -12.54 57
445.000 0.46545 18.09 -10.35 63
445.250 0.45617 16.36 -9.98 56
445.500 0.48376 16.91 -9.97 55
445.750 0.52011 16.53 -11.04 53
446.000 0.47972 16.43 -10.70 55
446.250 0.48772 17.00 -10.82 52
446.500 0.48000 12.96 -12.47 46
446.750 0.52118 14.85 -11.56 60
447.000 0.57581 20.01 -10.41 67
447.250 0.55799 15.30 -12.31 72
447.500 0.56712 18.90 -10.26 51
447.750 0.54065 14.75 -12.11 62
448.000 0.57392 13.42 -13.44 59
448.250 0.58830 17.81 -11.91 63
448.500 0.60657 18.52 -12.03 64
448.750 0.58346 14.50 -13.02 59
449.000 0.58329 20.01 -10.71 66
449.250 0.48234 16.48 -10.90 56
449.500 0.58859 21.52 -10.72 60
449.750 0.57896 13.21 -14.13 61
450.000 0.49467 15.50 -11.98 57
450.250 0.55917 16.88 -12.31 63
450.500 0.59029 19.50 -11.97 74
450.750 0.55780 16.69 -12.50 57
451.000 0.57976 13.05 -14.43 58
451.250 0.52055 15.85 -11.92 52
451.500 0.53337 18.26 -10.36 63
451.750 0.53015 18.31 -10.30 69
452.000 0.52306 19.19 -10.04 72
452.250 0.50065 14.66 -11.88 59
452.500 0.55252 23.54 -9.50 62
452.750 0.52200 20.09 -10.53 65
453.000 0.48632 14.63 -12.65 61
453.250 0.51056 18.92 -11.13 72
453.500 0.55553 22.38 -9.27 65
453.750 0.48774 16.45 -10.74 74
454.000 0.52495 21.99 -8.61 62
454.250 0.55953 15.13 -12.38 59
454.500 0.50195 16.88 -10.82 72
454.750 0.51220 19.99 -9.97 69
455.000 0.55997 14.88 -12.75 61
455.250 0.54878 14.62 -12.51 57
455.500 0.53411 15.01 -11.52 63
455.750 0.53266 17.61 -10.45 68
456.000 0.58631 21.80 -9.89 78
456.250 0.61007 19.21 -11.42 68
456.500 0.58924 16.48 -12.68 55
456.750 0.53488 16.37 -11.35 69
457.000 0.53432 18.03 -10.50 68
457.250 0.54267 19.67 -10.06 73
457.500 0.56536 18.46 -11.32 69
457.750 0.59267 16.07 -12.95 54
458.000 0.59655 18.83 -11.90 65
458.250 0.56364 20.91 -10.08 80
458.500 0.52167 18.08 -10.55 71
458.750 0.52522 15.19 -11.77 71
459.000 0.57799 15.82 -11.86 72
459.250 0.55718 16.29 -10.96 77
459.500 0.55877 16.16 -11.21 75
459.750 0.55808 16.12 -11.00 77
460.000 0.56584 21.29 -8.35 82
460.250 0.53575 20.35 -8.14 82
460.500 0.48203 17.11 -8.70 70
460.750 0.50946 16.71 -9.25 70
461.000 0.50529 15.29 -9.27 73
461.250 0.50253 16.29 -8.20 67
461.500 0.54327 22.44 -6.23 68
461.750 0.54249 22.91 -6.09 75
462.000 0.52843 19.99 -7.53 61
462.250 0.50467 17.40 -8.61 68
462.500 0.55599 22.29 -7.66 76
462.750 0.47681 17.05 -8.21 67
463.000 0.50954 15.64 -8.94 74
463.250 0.53655 23.27 -5.95 84
463.500 0.51123 18.07 -7.61 77
463.750 0.47968 16.35 -7.88 80
464.000 0.50020 19.34 -6.80 77
464.250 0.49391 17.81 -7.42 75
464.500 0.45198 16.64 -7.47 77
464.750 0.49608 16.76 -8.20 80
465.000 0.48528 18.84 -7.32 82
465.250 0.49341 15.82 -8.96 76
465.500 0.49788 16.30 -8.77 80
465.750 0.53803 20.30 -7.93 92
466.000 0.58525 22.92 -7.62 90
466.250 0.53540 18.43 -8.95 79
466.500 0.56476 17.08 -10.05 77
466.750 0.56540 16.99 -10.29 78
467.000 0.64043 23.11 -8.61 85
467.250 0.59313 19.02 -9.70 81
467.500 0.55712 17.08 -10.10 81
467.750 0.61022 16.85 -11.35 81
468.000 0.64928 17.81 -11.30 82
468.250 0.67033 22.28 -9.57 78
468.500 0.63991 17.98 -11.61 77
468.750 0.62842 18.00 -11.18 82
469.000 0.64552 18.08 -11.12 85
469.250 0.63886 23.83 -8.23 84
469.500 0.64340 18.55 -11.09 85
469.750 0.60503 19.06 -9.72 89
470.000 0.61605 18.77 -9.63 84
470.250 0.62482 19.45 -9.53 95
470.500 0.65366 19.74 -10.00 86
470.750 0.65124 23.40 -7.96 86
471.000 0.59073 17.96 -9.41 87
471.250 0.55009 20.73 -7.21 94
471.500 0.58915 21.80 -7.18 94
471.750 0.54604 20.65 -6.99 91
472.000 0.56102 17.52 -8.75 89
472.250 0.53654 21.08 -6.46 79
472.500 0.51922 20.83 -6.32 98
472.750 0.50193 19.64 -6.17 84
473.000 0.56976 21.07 -6.37 88
473.250 0.56163 20.79 -6.70 85
473.500 0.54327 20.81 -6.52 94
473.750 0.52897 20.93 -6.39 93
474.000 0.48427 18.37 -6.77 94
474.250 0.50887 21.24 -5.90 102
474.500 0.54908 21.56 -6.17 106
474.750 0.50800 20.48 -6.10 101
475.000 0.50006 18.11 -6.94 94
475.250 0.58028 22.37 -6.29 99
475.500 0.57820 15.48 -9.39 82
475.750 0.56425 18.60 -7.89 94
476.000 0.50890 19.04 -6.98 96
476.250 0.56428 18.75 -7.67 97
476.500 0.56094 16.72 -8.54 94
476.750 0.57262 16.55 -9.01 91
477.000 0.59057 17.03 -9.19 93
477.250 0.59316 15.76 -10.10 95
477.500 0.59133 14.70 -10.61 82
477.750 0.60056 15.98 -9.63 102
478.000 0.66053 22.98 -7.23 102
478.250 0.62638 18.43 -9.10 104
478.500 0.63152 15.83 -10.34 99
478.750 0.67907 19.29 -9.73 94
479.000 0.63456 16.85 -10.12 87
479.250 0.66721 19.76 -8.89 99
479.500 0.71615 22.50 -8.42 106
479.750 0.69547 16.93 -10.65 94
480.000 0.67815 17.14 -10.55 91
480.250 0.66846 18.35 -10.02 104
480.500 0.62359 16.51 -9.97 100
480.750 0.65928 15.12 -10.87 86
481.000 0.64850 16.60 -9.77 103
481.250 0.66769 16.39 -10.24 93
481.500 0.74708 20.45 -9.81 106
481.750 0.67443 17.97 -9.93 113
482.000 0.68935 18.60 -10.03 105
482.250 0.73316 21.13 -9.50 109
482.500 0.74040 18.87 -10.48 117
482.750 0.72702 14.13 -11.99 100
483.000 0.73526 15.82 -11.26 118
483.250 0.70232 11.97 -12.38 104
483.500 0.69928 11.49 -12.68 110
483.750 0.68717 16.66 -10.43 113
484.000 0.72622 15.11 -11.82 116
484.250 0.71106 17.92 -10.20 125
484.500 0.71695 13.85 -12.06 113
484.750 0.72751 15.44 -11.47 118
485.000 0.76402 14.97 -11.90 114
485.250 0.73920 15.56 -11.20 123
485.500 0.73795 15.50 -10.26 105
485.750 0.72716 16.57 -9.69 128
486.000 0.66663 12.65 -10.50 127
486.250 0.67393 14.17 -9.51 129
486.500 0.67044 12.41 -10.12 120
486.750 0.67435 13.23 -9.67 122
487.000 0.62210 12.46 -9.24 119
487.250 0.56871 10.90 -8.76 108
487.500 0.59933 13.46 -7.96 123
487.750 0.59509 10.63 -8.66 119
488.000 0.63135 13.89 -7.71 129
488.250 0.63627 12.25 -8.49 129
488.500 0.62261 10.96 -8.64 122
488.750 0.56067 11.01 -7.13 121
489.000 0.55986 10.12 -7.26 123
489.250 0.55057 10.64 -6.36 139
489.500 0.58363 11.44 -6.46 123
489.750 0.58082 14.03 -4.61 124
490.000 0.55659 9.98 -5.56 122
490.250 0.53364 9.38 -5.37 132
490.500 0.51467 8.90 -5.16 132
490.750 0.53609 9.76 -4.76 128
491.000 0.52832 8.70 -5.01 128
491.250 0.54998 11.08 -4.26 150
491.500 0.57949 8.55 -5.88 138
491.750 0.57984 8.66 -5.91 127
492.000 0.55337 7.64 -5.74 135
492.250 0.57942 6.42 -6.20 124
492.500 0.56905 8.53 -5.17 140
492.750 0.56244 9.24 -4.24 133
493.000 0.55542 9.29 -3.95 130
493.250 0.56351 9.56 -3.77 136
493.500 0.56120 8.63 -3.80 136
493.750 0.54681 7.88 -3.98 120
494.000 0.53499 10.24 -2.84 138
494.250 0.55712 8.99 -3.59 142
494.500 0.51463 9.06 -3.07 139
494.750 0.51381 8.88 -3.31 136
495.000 0.53206 9.16 -3.52 144
495.250 0.49062 8.76 -3.33 144
495.500 0.45051 6.12 -4.01 120
495.750 0.46631 9.18 -3.05 144
496.000 0.46078 9.76 -2.72 154
496.250 0.44475 6.74 -3.83 145
496.500 0.45476 5.92 -4.44 126
496.750 0.47563 9.00 -3.70 151
497.000 0.49286 8.16 -4.54 137
497.250 0.51192 7.69 -5.16 135
497.500 0.50019 9.73 -3.95 140
497.750 0.47869 6.28 -5.54 131
498.000 0.49305 8.64 -5.11 158
498.250 0.48339 8.34 -4.55 141
498.500 0.42736 9.61 -2.72 144
498.750 0.39797 9.97 -1.68 142
499.000 0.40372 7.54 -2.69 138
499.250 0.37251 8.94 -1.70 155
499.500 0.35705 9.73 -1.22 143
499.750 0.36000 7.58 -2.13 139
500.000 0.35070 9.07 -0.62 151
500.250 0.33154 9.42 -0.10 154
500.500 0.33462 8.19 -0.89 135
500.750 0.32481 8.57 -0.57 141
501.000 0.28709 8.99 0.59 142
501.250 0.29591 9.09 0.42 126
501.500 0.28992 9.67 0.82 148
501.750 0.30039 8.77 0.10 136
502.000 0.30944 8.15 -0.20 138
502.250 0.32442 8.84 -0.28 146
502.500 0.34100 9.43 -0.38 151
502.750 0.36047 9.20 -0.91 147
503.000 0.35903 9.19 -1.15 145
503.250 0.39085 9.53 -1.34 154
503.500 0.39275 9.36 -1.73 155
503.750 0.41037 8.33 -2.65 150
504.000 0.40978 8.95 -2.37 149
504.250 0.41854 9.57 -2.19 155
504.500 0.43413 9.84 -2.36 150
504.750 0.44507 9.55 -2.82 151
505.000 0.44155 9.28 -3.10 152
505.250 0.46611 7.85 -4.20 137
505.500 0.41022 6.50 -4.28 136
505.750 0.42712 10.25 -3.18 154
506.000 0.44103 9.53 -3.70 156
506.250 0.45130 8.92 -4.25 155
506.500 0.44463 9.78 -3.82 153
506.750 0.41272 10.23 -3.60 155
507.000 0.41258 9.48 -4.11 153
507.250 0.40349 9.08 -4.38 153
507.500 0.40624 10.26 -4.03 147
507.750 0.34789 7.35 -4.84 143
508.000 0.36706 9.65 -3.57 150
508.250 0.37406 9.39 -3.30 156
508.500 0.37781 7.85 -3.63 154
508.750 0.34925 10.41 -2.27 133
509.000 0.34373 6.92 -3.35 141
509.250 0.34649 9.06 -2.71 159
509.500 0.33192 6.81 -3.50 143
509.750 0.35757 9.94 -2.52 168
510.000 0.36848 9.79 -2.21 161
510.250 0.35230 8.96 -2.64 154
510.500 0.35973 7.55 -3.14 141
510.750 0.35365 9.66 -1.37 146
511.000 0.35346 10.05 -0.70 148
511.250 0.35574 9.16 -1.16 154
511.500 0.36415 8.21 -1.50 157
511.750 0.37835 8.29 -1.98 146
512.000 0.36584 9.31 -1.41 161
512.250 0.37746 7.47 -2.27 142
512.500 0.39830 8.00 -2.46 150
512.750 0.41503 7.25 -3.20 164
513.000 0.41584 8.06 -2.99 164
513.250 0.41245 7.51 -3.52 150
513.500 0.40089 8.96 -2.96 152
513.750 0.42566 7.39 -3.89 155
514.000 0.42817 6.76 -3.92 150
514.250 0.45387 8.59 -2.85 154
514.500 0.46780 8.78 -2.93 150
514.750 0.47439 9.39 -2.58 154
515.000 0.47560 9.36 -2.85 161
515.250 0.44908 6.40 -4.03 145
515.500 0.42476 6.68 -3.75 152
515.750 0.38831 6.84 -3.23 143
516.000 0.43043 8.13 -3.15 155
516.250 0.40636 9.87 -2.08 168
516.500 0.37941 8.53 -2.29 168
516.750 0.37410 8.56 -1.83 163
517.000 0.36840 7.53 -2.27 152
517.250 0.37652 8.78 -1.57 156
517.500 0.34302 6.07 -2.13 147
517.750 0.33322 6.28 -2.01 136
518.000 0.35346 8.99 -1.18 155
518.250 0.35422 8.31 -1.72 163
518.500 0.37403 8.05 -1.88 157
518.750 0.38115 7.89 -2.24 158
519.000 0.38332 7.01 -2.87 147
519.250 0.39605 8.45 -2.70 170
519.500 0.37847 8.11 -2.89 151
519.750 0.39905 8.57 -2.92 153
520.000 0.39668 9.35 -2.39 165
520.250 0.40905 8.05 -3.09 157
520.500 0.42948 8.28 -3.40 158
520.750 0.42381 7.14 -3.67 154
521.000 0.42462 9.49 -2.58 156
521.250 0.43358 9.19 -3.05 150
521.500 0.44923 6.79 -4.44 149
521.750 0.45184 9.16 -3.75 166
522.000 0.41837 9.57 -3.23 154
522.250 0.43909 8.61 -3.50 160
522.500 0.44088 7.69 -4.14 146
522.750 0.47311 7.90 -4.49 147
523.000 0.45762 7.60 -4.03 161
523.250 0.43085 6.40 -3.72 148
523.500 0.47537 9.66 -2.41 162
523.750 0.46159 7.15 -3.27 148
524.000 0.45733 8.81 -1.93 155
524.250 0.47311 7.74 -2.28 147
524.500 0.48049 9.68 -0.74 155
524.750 0.46526 7.14 -1.79 134
525.000 0.49772 10.03 -0.67 152
525.250 0.51279 9.32 -0.87 152
525.500 0.47869 9.77 -0.61 152
525.750 0.51043 7.86 -2.23 155
526.000 0.51515 7.91 -2.44 150
526.250 0.50617 9.88 -1.69 149
526.500 0.49423 9.40 -2.07 155
526.750 0.46033 9.45 -1.64 155
527.000 0.44920 9.37 -1.25 154
527.250 0.45620 10.57 -1.01 151
527.500 0.46470 10.44 -1.43 168
527.750 0.46363 8.69 -2.33 148
528.000 0.44400 7.40 -2.66 149
528.250 0.47276 10.60 -1.26 157
528.500 0.47471 11.08 -0.63 166
528.750 0.47416 10.91 -1.06 151
529.000 0.47144 10.39 -1.14 160
529.250 0.49255 9.27 -2.07 155
529.500 0.51438 8.44 -3.10 161
529.750 0.50523 9.97 -2.61 159
530.000 0.51201 8.82 -3.36 150
530.250 0.51665 10.37 -2.65 143
530.500 0.55132 9.80 -3.82 154
530.750 0.53659 9.71 -3.83 167
531.000 0.55423 9.84 -4.28 159
531.250 0.55961 10.92 -4.21 152
531.500 0.56021 7.74 -5.90 134
531.750 0.58409 11.78 -4.19 154
532.000 0.57877 12.08 -4.31 145
532.250 0.53810 8.38 -5.72 151
532.500 0.55034 9.09 -5.46 161
532.750 0.50550 10.31 -4.58 152
533.000 0.52987 12.40 -4.14 147
533.250 0.49109 7.25 -6.19 136
533.500 0.53609 12.31 -4.98 159
533.750 0.54478 12.93 -4.72 150
534.000 0.55882 12.69 -4.88 146
534.250 0.55756 8.86 -6.61 142
534.500 0.52014 9.65 -5.52 144
534.750 0.46286 8.00 -5.16 147
535.000 0.43217 7.75 -4.93 144
535.250 0.45092 9.61 -4.45 155
535.500 0.43119 8.74 -4.71 136
535.750 0.47363 11.08 -4.57 155
536.000 0.44560 7.90 -5.16 151
536.250 0.49084 13.26 -3.34 150
536.500 0.48397 9.89 -4.58 149
536.750 0.47379 8.00 -5.45 150
537.000 0.54319 11.79 -5.19 166
537.250 0.51409 8.96 -6.14 148
537.500 0.54593 13.04 -5.05 167
537.750 0.57065 12.61 -5.89 148
538.000 0.58706 12.66 -6.40 161
538.250 0.59177 13.96 -5.69 157
538.500 0.55706 9.67 -7.07 144
538.750 0.58046 11.34 -7.13 152
539.000 0.61406 12.22 -7.15 150
539.250 0.57916 10.01 -7.73 148
539.500 0.58466 9.68 -7.32 140
539.750 0.60533 9.92 -7.56 144
540.000 0.64295 15.92 -5.20 144
540.250 0.65137 11.64 -6.99 145
540.500 0.58129 9.95 -6.88 143
540.750 0.59142 10.54 -6.96 145
541.000 0.62600 14.69 -5.29 161
541.250 0.56169 9.78 -6.81 133
541.500 0.55577 9.91 -6.89 156
541.750 0.55570 10.87 -6.59 151
542.000 0.51543 9.34 -6.65 143
542.250 0.56690 11.38 -6.50 146
542.500 0.56830 11.40 -6.65 156
542.750 0.54725 9.75 -7.32 147
543.000 0.54613 10.44 -7.30 141
543.250 0.55014 10.05 -7.77 143
543.500 0.56110 12.15 -7.08 143
543.750 0.54624 10.77 -7.61 150
544.000 0.52290 8.86 -8.11 134
544.250 0.55651 11.09 -7.86 151
544.500 0.57946 11.30 -8.25 159
544.750 0.57956 10.61 -8.71 152
545.000 0.59184 10.93 -8.92 148
545.250 0.57348 10.93 -8.28 154
545.500 0.54797 10.81 -8.21 152
545.750 0.57367 11.86 -8.44 154
546.000 0.57211 14.98 -7.02 144
546.250 0.52486 11.29 -6.71 129
546.500 0.53555 10.17 -7.32 140
546.750 0.52730 8.95 -7.97 132
547.000 0.58619 11.57 -7.90 152
547.250 0.55683 11.47 -6.82 137
547.500 0.52982 11.67 -5.76 154
547.750 0.47697 9.78 -5.29 139
548.000 0.45355 10.60 -4.21 148
548.250 0.37984 8.70 -3.77 132
548.500 0.43989 11.48 -3.36 141
548.750 0.39584 8.44 -4.07 134
549.000 0.42841 10.57 -3.88 133
549.250 0.41769 11.14 -3.07 153
549.500 0.42874 16.13 -1.03 141
549.750 0.32444 9.23 -2.43 129
550.000 0.33635 9.86 -2.15 138
550.250 0.36484 9.64 -1.96 138
550.500 0.38216 10.85 -1.05 135
550.750 0.35544 9.58 -1.07 144
551.000 0.34211 9.70 -0.63 139
551.250 0.34126 11.58 -0.15 137
551.500 0.32553 9.34 -0.72 141
551.750 0.32657 8.91 -0.99 143
552.000 0.31512 9.74 -0.47 142
552.250 0.31667 9.73 -0.70 140
552.500 0.35453 9.92 -0.79 146
552.750 0.37227 12.04 -0.21 156
553.000 0.27451 8.32 0.14 127
553.250 0.32456 9.80 -0.13 141
553.500 0.29313 8.73 -0.22 139
553.750 0.30625 9.70 -0.15 148
554.000 0.34418 14.27 1.33 158
554.250 0.29361 10.58 0.23 154
554.500 0.28154 9.83 -0.18 151
554.750 0.32234 11.90 0.02 157
555.000 0.29874 10.21 -0.68 148
555.250 0.31400 10.10 -1.17 139
555.500 0.29575 9.27 -1.56 134
555.750 0.27873 8.73 -1.77 138
556.000 0.26781 9.54 -1.47 131
556.250 0.30155 13.47 -0.53 151
556.500 0.24531 9.91 -1.47 138
556.750 0.22542 8.27 -1.84 137
557.000 0.20047 8.48 -1.01 131
557.250 0.22713 9.95 -0.96 143
557.500 0.26400 13.41 0.05 151
557.750 0.19411 9.63 -0.43 153
558.000 0.18106 9.63 -0.42 134
558.250 0.21125 10.86 -0.37 149
558.500 0.20768 11.43 -0.29 153
558.750 0.15718 8.14 -1.03 143
559.000 0.16976 8.72 -0.94 142
559.250 0.22938 15.16 0.58 142
559.500 0.21602 11.29 -0.92 142
559.750 0.16558 10.13 -0.59 125
560.000 0.19235 10.32 -0.83 142
560.250 0.20007 10.38 -0.79 140
560.500 0.19850 9.43 -1.24 134
560.750 0.22232 10.13 -1.18 134
561.000 0.24291 10.18 -0.96 143
561.250 0.22112 8.38 -1.18 125
561.500 0.22568 14.32 1.35 149
561.750 0.23708 10.31 -0.31 147
562.000 0.21615 8.67 -0.61 140
562.250 0.26368 11.32 -0.43 161
562.500 0.22747 9.02 -0.60 140
562.750 0.25156 10.93 -0.13 140
563.000 0.27473 11.76 -0.38 152
563.250 0.24429 10.40 -0.55 147
563.500 0.29797 11.85 -0.97 142
563.750 0.25876 10.36 -1.14 144
564.000 0.29574 12.27 -0.85 133
564.250 0.27176 10.93 -1.16 142
564.500 0.27463 10.87 -1.10 139
564.750 0.25706 10.14 -1.09 132
565.000 0.27288 11.90 -0.74 142
565.250 0.25843 10.25 -1.51 141
565.500 0.29420 10.81 -1.36 147
565.750 0.26735 9.91 -1.58 137
566.000 0.22980 8.64 -1.89 132
566.250 0.26673 9.98 -2.08 149
566.500 0.25977 9.80 -2.12 146
566.750 0.29494 11.04 -2.18 150
567.000 0.30117 9.99 -3.03 140
567.250 0.32037 10.08 -3.51 140
567.500 0.30693 10.51 -3.40 151
567.750 0.32125 12.03 -3.23 151
568.000 0.32866 11.92 -3.54 150
568.250 0.26602 9.03 -3.60 137
568.500 0.33061 12.24 -3.55 147
568.750 0.26437 8.85 -4.11 136
569.000 0.29929 11.47 -3.79 156
569.250 0.26233 10.17 -3.78 134
569.500 0.25546 10.98 -3.73 149
569.750 0.22340 11.33 -2.84 138
570.000 0.23974 11.88 -2.62 154
570.250 0.21241 11.02 -2.20 150
570.500 0.21125 12.89 -0.69 135
570.750 0.17284 8.38 -1.67 137
571.000 0.19071 10.38 -0.75 136
571.250 0.22454 11.23 -0.81 142
571.500 0.17793 9.81 -0.74 136
571.750 0.24114 11.12 -1.09 142
572.000 0.21670 10.89 -1.04 133
572.250 0.20305 10.07 -1.06 133
572.500 0.21055 11.12 -0.93 143
572.750 0.22910 12.30 -0.69 138
573.000 0.22939 12.92 -0.56 142
573.250 0.25249 12.60 -1.28 144
573.500 0.22053 11.31 -1.51 144
573.750 0.21217 11.59 -1.20 146
574.000 0.19114 11.22 -1.14 144
574.250 0.21359 11.55 -1.63 143
574.500 0.15980 9.24 -1.87 141
574.750 0.19124 10.39 -1.71 138
575.000 0.19375 11.09 -1.69 155
575.250 0.18354 11.48 -1.46 142
575.500 0.21314 11.68 -2.06 138
575.750 0.18912 11.12 -1.86 146
576.000 0.16296 10.50 -1.66 145
576.250 0.18817 11.58 -1.67 137
576.500 0.16017 11.55 -0.95 143
576.750 0.15862 11.51 -0.54 152
577.000 0.16874 12.66 -0.40 153
577.250 0.11438 10.47 -0.39 134
577.500 0.15028 11.59 -0.04 155
577.750 0.18621 12.38 -0.40 150
578.000 0.13107 10.31 -0.51 133
578.250 0.13860 9.23 -1.40 137
578.500 0.12173 10.35 -0.93 141
578.750 0.12593 10.05 -0.79 137
579.000 0.17754 11.09 -0.72 145
579.250 0.13518 8.61 -1.21 121
579.500 0.17045 11.76 -0.78 138
579.750 0.11638 9.93 -0.80 147
580.000 0.16011 11.84 -0.79 137
580.250 0.17725 11.66 -1.27 139
580.500 0.20722 13.04 -1.36 143
580.750 0.16790 11.67 -1.45 143
581.000 0.19676 12.03 -1.57 148
581.250 0.21174 12.74 -1.54 142
581.500 0.21958 12.44 -1.84 140
581.750 0.17681 11.05 -1.56 141
582.000 0.20864 11.77 -1.70 136
582.250 0.26073 13.50 -1.64 151
582.500 0.25706 12.22 -1.83 145
582.750 0.23923 12.17 -1.93 144
583.000 0.22766 11.42 -1.99 147
583.250 0.27929 13.40 -1.95 139
583.500 0.25579 11.04 -2.53 128
583.750 0.29979 14.30 -1.58 139
584.000 0.25028 10.53 -2.33 130
584.250 0.27506 11.21 -2.47 149
584.500 0.35437 16.12 -1.56 132
584.750 0.29774 13.30 -2.58 144
585.000 0.28663 12.43 -2.53 135
585.250 0.25890 12.20 -2.22 141
585.500 0.23967 11.70 -2.35 126
585.750 0.28148 14.23 -2.23 142
586.000 0.23046 12.58 -2.40 142
586.250 0.35399 19.37 -1.47 120
586.500 0.29606 14.77 -2.59 145
586.750 0.26782 14.25 -1.98 138
587.000 0.25277 13.69 -1.85 129
587.250 0.31731 14.21 -2.86 139
587.500 0.30221 13.73 -3.11 140
587.750 0.32655 13.93 -3.50 143
588.000 0.30367 13.45 -3.57 141
588.250 0.34482 14.18 -3.95 149
588.500 0.34289 14.58 -3.81 137
588.750 0.34656 14.24 -4.17 142
589.000 0.27644 12.15 -4.27 122
589.250 0.38259 15.40 -4.52 136
589.500 0.37664 15.07 -4.67 136
589.750 0.34427 13.55 -5.10 129
590.000 0.36240 13.72 -5.16 137
590.250 0.33109 14.46 -3.98 141
590.500 0.35897 15.32 -3.87 138
590.750 0.34683 12.34 -5.00 131
591.000 0.39443 16.16 -3.61 135
591.250 0.34148 12.74 -4.02 126
591.500 0.40069 15.21 -3.86 138
591.750 0.46928 17.89 -3.59 130
592.000 0.42202 14.29 -4.80 130
592.250 0.47763 17.87 -4.26 120
592.500 0.42313 14.86 -4.61 130
592.750 0.43158 16.65 -4.24 148
593.000 0.43786 15.03 -5.33 132
593.250 0.42303 13.96 -5.58 126
593.500 0.47708 17.75 -5.05 139
593.750 0.41799 14.70 -5.22 134
594.000 0.37111 14.87 -4.59 116
594.250 0.44895 17.39 -4.67 131
594.500 0.44620 16.90 -4.96 142
594.750 0.42052 16.15 -5.27 141
595.000 0.39163 14.83 -5.80 133
595.250 0.40418 16.48 -5.26 131
595.500 0.40198 16.34 -4.74 144
595.750 0.44301 17.07 -5.35 136
596.000 0.44954 17.32 -5.66 136
596.250 0.43670 14.49 -6.68 135
596.500 0.38739 13.44 -6.29 121
596.750 0.43430 16.16 -5.98 140
597.000 0.43669 15.22 -6.41 131
597.250 0.55187 19.49 -6.11 144
597.500 0.49052 17.30 -6.42 142
597.750 0.50103 16.94 -7.03 144
598.000 0.52604 18.01 -7.04 144
598.250 0.61079 21.70 -7.17 127
598.500 0.50598 15.99 -8.23 128
598.750 0.49717 16.03 -8.23 134
599.000 0.45630 14.87 -8.40 129
599.250 0.43950 17.16 -7.24 141
599.500 0.39940 16.41 -6.49 138
599.750 0.42537 17.24 -6.24 134
600.000 0.44755 18.53 -6.04 130
600.250 0.36899 14.92 -6.56 132
600.500 0.41298 16.40 -6.80 137
600.750 0.38824 16.29 -6.41 143
601.000 0.37470 15.44 -6.69 138
601.250 0.41292 17.11 -6.55 138
601.500 0.33853 14.42 -6.64 123
601.750 0.38908 16.77 -6.56 141
602.000 0.38089 16.63 -6.39 136
602.250 0.43650 18.34 -6.57 145
602.500 0.34271 14.63 -6.71 134
602.750 0.41939 18.56 -6.13 129
603.000 0.39690 16.71 -6.80 133
603.250 0.37765 14.55 -7.41 134
603.500 0.38704 14.24 -7.81 138
603.750 0.41004 15.23 -8.03 125
604.000 0.39349 15.92 -7.66 137
604.250 0.41817 15.92 -8.21 143
604.500 0.41876 15.84 -8.28 139
604.750 0.49685 18.08 -8.35 138
605.000 0.42765 14.44 -8.84 129
605.250 0.40096 14.55 -8.49 139
605.500 0.44673 17.25 -8.02 144
605.750 0.34991 13.82 -7.43 137
606.000 0.31928 12.83 -7.28 118
606.250 0.35368 15.74 -6.82 138
606.500 0.31462 15.32 -6.11 132
606.750 0.33350 12.91 -7.39 132
607.000 0.39698 15.72 -7.39 134
607.250 0.44891 17.87 -7.60 143
607.500 0.41806 17.44 -7.44 134
607.750 0.41556 17.00 -7.63 147
608.000 0.44424 17.39 -8.19 149
608.250 0.41181 15.49 -8.27 140
608.500 0.36763 12.23 -8.56 105
608.750 0.43545 16.68 -8.11 140
609.000 0.43024 18.12 -7.26 136
609.250 0.39922 14.12 -8.63 123
609.500 0.51455 14.23 -10.66 113
609.750 0.41536 15.09 -8.66 123
610.000 0.44384 16.46 -8.48 140
610.250 0.45884 16.92 -8.38 137
610.500 0.43859 17.42 -8.04 140
610.750 0.45978 17.39 -8.60 140
611.000 0.50806 19.26 -8.70 140
611.250 0.45920 16.99 -8.61 144
611.500 0.41475 14.05 -9.36 119
611.750 0.40949 14.91 -8.83 133
612.000 0.40588 15.34 -8.29 137
612.250 0.45735 16.70 -8.41 127
612.500 0.36628 15.60 -6.89 139
612.750 0.36603 15.60 -6.33 139
613.000 0.31733 13.70 -6.14 128
613.250 0.26919 14.85 -4.78 137
613.500 0.33190 16.80 -4.92 143
613.750 0.36716 17.03 -5.61 152
614.000 0.32873 16.84 -4.97 156
614.250 0.33605 16.86 -4.81 142
614.500 0.33094 16.86 -4.84 144
614.750 0.30471 16.32 -4.43 122
615.000 0.29469 15.32 -4.93 140
615.250 0.34242 13.78 -6.33 127
615.500 0.32218 16.78 -4.85 156
615.750 0.21828 14.70 -4.34 131
616.000 0.26558 15.80 -4.95 130
616.250 0.23124 16.91 -4.21 140
616.500 0.22982 14.73 -5.23 142
616.750 0.20571 13.37 -5.79 128
617.000 0.19878 14.49 -5.27 133
617.250 0.22922 14.90 -5.45 132
617.500 0.23537 16.96 -4.62 151
617.750 0.18820 13.46 -5.17 123
618.000 0.24564 17.74 -3.88 132
618.250 0.20569 14.34 -4.85 125
618.500 0.19938 15.25 -3.93 131
618.750 0.24587 17.24 -4.11 142
619.000 0.27150 19.86 -3.14 140
619.250 0.19606 16.08 -3.54 129
619.500 0.10639 13.31 -3.53 108
619.750 0.21361 16.75 -3.53 124
620.000 0.28857 20.05 -3.57 133
620.250 0.17488 17.10 -2.88 120
620.500 0.17266 14.80 -3.62 137
620.750 0.20337 14.21 -4.49 134
621.000 0.21014 16.68 -3.66 136
621.250 0.25512 19.18 -3.73 127
621.500 0.15719 17.56 -2.27 101
621.750 0.19904 17.10 -3.47 141
622.000 0.25573 18.15 -3.92 140
622.250 0.20646 14.79 -4.62 136
622.500 0.20432 15.28 -4.47 127
622.750 0.21891 15.75 -4.63 135
623.000 0.21749 17.80 -3.99 130
623.250 0.27800 19.19 -4.42 129
623.500 0.17275 13.42 -5.07 121
623.750 0.19489 15.22 -4.60 133
624.000 0.27737 18.74 -4.54 131
624.250 0.23129 17.25 -4.06 144
624.500 0.21232 16.96 -3.13 137
624.750 0.18064 15.11 -2.92 137
625.000 0.25791 19.22 -1.84 130
625.250 0.21354 16.62 -2.09 139
625.500 0.23761 17.89 -1.44 126
625.750 0.22536 14.17 -3.22 127
626.000 0.25268 18.26 -2.27 130
626.250 0.20207 17.25 -1.60 139
626.500 0.20589 15.00 -2.61 136
626.750 0.19152 14.70 -2.12 136
627.000 0.20633 15.03 -2.05 135
627.250 0.23039 15.76 -1.70 137
627.500 0.23396 16.18 -1.30 119
627.750 0.18950 14.68 -1.50 125
628.000 0.27648 18.47 -1.48 138
628.250 0.23694 15.52 -2.12 141
628.500 0.26734 16.27 -2.45 142
628.750 0.22508 13.93 -2.75 133
629.000 0.30364 18.34 -1.86 130
629.250 0.28858 16.84 -2.51 137
629.500 0.28098 18.62 -1.62 137
629.750 0.29491 18.36 -1.92 136
630.000 0.26848 16.84 -1.94 128
630.250 0.24466 17.46 -1.52 137
630.500 0.31015 18.91 -2.26 140
630.750 0.29855 19.56 -1.44 113
631.000 0.23744 15.31 -2.59 119
631.250 0.28328 18.68 -2.06 136
631.500 0.28472 18.46 -2.01 118
631.750 0.33845 20.53 -2.07 132
632.000 0.23430 16.30 -2.25 119
632.250 0.31720 18.12 -2.95 118
632.500 0.31514 16.85 -3.58 117
632.750 0.28128 15.69 -2.99 106
633.000 0.36699 20.27 -2.82 121
633.250 0.30291 17.52 -3.08 135
633.500 0.34929 16.34 -4.43 116
633.750 0.30034 17.28 -2.96 136
634.000 0.31833 16.49 -3.52 126
634.250 0.37059 20.05 -3.02 133
634.500 0.42888 22.10 -3.04 123
634.750 0.38976 20.62 -3.11 133
635.000 0.42881 23.21 -2.26 108
635.250 0.30818 13.45 -4.36 95
635.500 0.41224 18.57 -4.01 136
635.750 0.42070 16.90 -5.20 121
636.000 0.45483 20.66 -3.79 112
636.250 0.44452 21.94 -3.07 110
636.500 0.37379 17.83 -3.77 129
636.750 0.38012 19.86 -2.85 138
637.000 0.37487 17.12 -3.65 125
637.250 0.40337 20.05 -2.81 128
637.500 0.38052 17.37 -3.89 126
637.750 0.38582 17.31 -4.04 114
638.000 0.39801 17.97 -4.18 124
638.250 0.40707 17.79 -4.63 128
638.500 0.44473 19.56 -4.63 130
638.750 0.40948 19.30 -4.03 125
639.000 0.42920 19.18 -4.57 135
639.250 0.39373 17.47 -4.93 126
639.500 0.43251 20.48 -4.48 130
639.750 0.40339 20.55 -4.18 99
640.000 0.48866 18.02 -7.16 123
640.250 0.51429 18.21 -7.61 114
640.500 0.46105 19.37 -6.33 128
640.750 0.47318 19.39 -6.48 121
641.000 0.52217 19.45 -7.62 129
641.250 0.48996 19.61 -7.22 121
641.500 0.52095 22.43 -6.50 126
641.750 0.44931 18.40 -7.29 115
642.000 0.55563 21.68 -7.87 128
642.250 0.52319 20.10 -8.07 118
642.500 0.51291 19.81 -8.11 126
642.750 0.54639 21.82 -7.95 124
643.000 0.64940 25.57 -8.56 119
643.250 0.55159 22.29 -8.75 134
643.500 0.48573 21.34 -8.51 128
643.750 0.68368 18.44 -13.25 108
644.000 0.62488 21.02 -11.14 115
644.250 0.56401 21.42 -9.75 126
644.500 0.60069 19.86 -11.25 116
644.750 0.63368 21.86 -10.81 106
645.000 0.57059 21.30 -10.43 129
645.250 0.58116 26.71 -8.14 110
645.500 0.59377 22.50 -10.78 133
645.750 0.53538 16.58 -12.76 103
646.000 0.69901 18.98 -14.52 113
646.250 0.57698 19.89 -12.33 120
646.500 0.56847 21.08 -11.73 125
