0.000 0.06020 -1.25 -4.63 210
0.334 0.05705 -1.10 -4.78 207
0.667 0.04812 -1.23 -4.67 213
1.001 0.07530 -1.28 -4.85 218
1.335 0.08266 -1.11 -4.32 200
1.668 0.07779 -0.84 -4.18 206
2.002 0.07777 -0.51 -4.44 207
2.336 0.09406 -0.09 -4.73 216
2.669 0.10778 -0.08 -2.96 207
3.003 0.09975 0.03 -1.94 211
3.337 0.08017 0.15 -1.96 206
3.670 0.06229 0.30 -1.99 218
4.004 0.04195 0.26 -2.01 221
4.338 0.02283 0.23 -1.92 227
4.671 0.01116 0.05 -1.09 222
5.005 0.00000 0.00 0.00 312
5.339 0.01760 -0.06 -0.43 229
5.672 -0.00195 -0.12 0.32 214
6.006 -0.00713 -0.19 1.49 208
6.340 -0.00949 -0.12 1.86 219
6.673 -0.00401 -0.13 2.26 204
7.007 -0.02289 -0.19 2.71 209
7.341 -0.02307 -0.26 3.38 205
7.674 -0.03088 -0.37 3.66 218
8.008 -0.04946 -0.45 3.87 211
8.342 -0.04290 -0.54 4.16 201
8.675 -0.07295 -0.90 4.55 218
9.009 -0.08201 -1.24 4.46 221
9.343 -0.05707 -1.31 3.87 214
9.676 -0.05346 -1.23 3.67 207
10.010 -0.03046 -1.30 4.69 204
10.344 -0.02384 -1.29 4.42 201
10.677 -0.00997 -1.17 4.01 219
11.011 0.00421 -0.97 3.66 221
11.345 0.02216 -1.07 3.60 214
11.678 0.02478 -0.89 3.25 215
12.012 0.03199 -0.81 2.92 211
12.346 0.04234 -0.68 3.08 210
12.679 0.02617 -0.67 2.99 208
13.013 -0.00205 -0.76 2.95 221
13.347 -0.00692 -0.76 3.12 216
13.680 0.00745 -0.75 3.70 221
14.014 0.02227 -0.65 3.53 212
14.348 0.03477 -0.68 3.91 206
14.681 0.05358 -0.96 4.12 213
15.015 0.06667 -1.16 3.96 209
15.349 0.07761 -0.79 3.53 199
15.682 0.07555 -0.45 3.60 209
16.016 0.07890 -0.59 4.02 204
16.350 0.07139 -0.88 5.36 209
16.683 0.07978 -0.74 5.85 188
17.017 0.06621 -1.06 6.05 195
17.351 0.07397 -0.86 5.48 195
17.684 0.06095 -0.92 5.51 202
18.018 0.08073 -0.80 5.80 195
18.352 0.08689 -1.13 6.45 215
18.685 0.10093 -1.02 6.07 202
19.019 0.10608 -1.18 5.06 201
19.353 0.10050 -1.26 4.75 204
19.686 0.12183 -1.36 4.22 200
20.020 0.09251 -1.51 4.24 205
20.354 0.10531 -1.57 4.59 204
20.687 0.12172 -1.52 4.20 196
21.021 0.11806 -1.83 3.89 194
21.355 0.08500 -3.48 3.81 196
21.688 0.09165 -4.67 2.09 183
22.022 0.12925 -3.97 -0.71 159
22.356 0.14049 -4.81 -2.51 176
22.689 0.15174 -5.64 -4.30 173
23.023 0.16298 -6.48 -6.10 166
23.357 0.15517 -6.37 -7.05 167
23.690 0.14737 -6.27 -8.00 184
24.024 0.13956 -6.16 -8.95 171
24.358 0.13175 -6.05 -9.90 173
24.691 0.12395 -5.95 -10.85 172
25.025 0.11614 -5.84 -11.80 189
25.359 0.10033 -5.88 -12.56 182
25.692 0.08452 -5.91 -13.31 190
26.026 0.06871 -5.94 -14.06 185
26.360 0.05290 -5.98 -14.82 174
26.693 0.09712 -5.34 -15.60 165
27.027 0.14136 -4.70 -16.39 156
27.361 0.18559 -4.05 -17.18 147
27.694 0.22981 -3.41 -17.96 167
28.028 0.27405 -2.77 -18.74 149
28.362 0.31828 -2.13 -19.53 172
28.695 0.30685 -3.29 -16.75 173
29.029 0.28286 -4.32 -13.56 177
29.363 0.27084 -4.04 -13.45 179
29.696 0.25883 -3.75 -13.34 180
30.030 0.24682 -3.47 -13.24 172
30.364 0.23480 -3.18 -13.13 195
30.697 0.22279 -2.90 -13.02 192
31.031 0.27400 0.36 -16.40 173
31.365 0.32197 0.12 -19.97 153
31.698 0.33939 -0.20 -20.07 159
32.032 0.35682 -0.53 -20.17 146
32.366 0.37424 -0.85 -20.26 138
32.699 0.39166 -1.18 -20.36 148
33.033 0.40909 -1.50 -20.46 170
33.367 0.34259 -2.47 -18.51 151
33.700 0.26932 -3.87 -16.70 193
34.034 0.23850 -3.67 -13.53 169
34.368 0.24280 -4.56 -11.93 196
34.701 0.24240 -4.74 -12.65 191
35.035 0.25575 -3.96 -12.22 184
35.369 0.23468 -5.13 -11.39 190
35.702 0.25325 -4.24 -9.50 190
36.036 0.25221 -5.76 -9.30 203
36.370 0.23904 -4.57 -8.35 192
36.703 0.21702 -6.06 -7.81 195
37.037 0.20037 -3.85 -5.86 182
37.371 0.21214 -6.42 -6.30 219
37.704 0.20698 -4.84 -3.96 180
38.038 0.16659 -7.31 -3.73 185
38.372 0.16841 -7.00 -3.62 206
38.705 0.16063 -6.99 -3.78 181
39.039 0.15284 -6.98 -3.93 182
39.373 0.14506 -6.97 -4.09 206
39.706 0.14977 -7.18 -4.26 208
40.040 0.13562 -7.14 -4.49 188
40.374 0.14697 -7.12 -4.76 174
40.707 0.15831 -7.10 -5.02 204
41.041 0.15378 -6.68 -4.70 180
41.375 0.14924 -6.26 -4.39 205
41.708 0.14471 -5.84 -4.07 188
42.042 0.14428 -6.13 -3.86 179
42.376 0.14291 -7.87 -4.09 193
42.709 0.13277 -8.00 -3.57 189
43.043 0.13456 -6.65 -3.04 184
43.377 0.11843 -6.51 -2.78 175
43.710 0.10229 -6.38 -2.51 199
44.044 0.08616 -6.24 -2.25 167
44.378 0.08190 -6.06 -1.39 187
44.711 0.07764 -5.88 -0.54 179
45.045 0.08503 -5.52 -0.61 173
45.379 0.08462 -5.56 -0.16 186
45.712 0.09683 -7.09 -1.12 174
46.046 0.09517 -7.03 -0.99 177
46.380 0.05388 -6.13 0.53 173
46.713 0.06726 -6.52 1.00 158
47.047 0.07654 -6.66 1.01 202
47.381 0.08583 -6.79 1.03 177
47.714 0.09510 -6.93 1.04 176
48.048 0.10439 -7.06 1.06 203
48.382 0.11367 -7.20 1.07 183
48.715 0.10378 -6.49 1.27 189
49.049 0.09388 -5.77 1.47 177
49.383 0.07964 -6.06 1.59 175
49.716 0.08612 -6.83 0.93 180
50.050 0.05595 -6.08 1.47 180
50.384 0.03526 -5.81 1.39 172
50.717 0.04435 -6.95 0.70 199
51.051 0.05344 -8.09 0.01 179
51.385 0.01851 -6.86 0.41 172
51.718 0.04362 -7.21 0.29 185
52.052 0.03061 -7.00 1.22 184
52.386 0.01760 -6.79 2.14 177
52.719 0.00048 -7.53 2.45 183
53.053 -0.03139 -7.42 3.08 172
53.387 -0.06327 -7.31 3.70 173
53.720 -0.05898 -7.34 3.56 175
54.054 -0.05470 -7.37 3.41 171
54.388 -0.05041 -7.40 3.27 175
54.721 -0.05182 -6.83 3.01 167
55.055 -0.04978 -6.79 3.01 177
55.389 -0.04774 -6.76 3.01 180
55.722 -0.04570 -6.73 3.01 175
56.056 -0.04366 -6.69 3.01 159
56.390 -0.07945 -6.81 3.86 177
56.723 -0.06171 -7.07 3.59 183
57.057 -0.04396 -7.33 3.31 171
57.391 -0.05938 -6.68 3.86 163
57.724 -0.08344 -6.27 4.23 169
58.058 -0.06740 -6.05 3.90 169
58.392 -0.03799 -6.82 2.97 165
58.725 -0.02027 -6.66 3.37 168
59.059 -0.03693 -6.43 3.95 149
59.393 -0.02123 -6.74 3.36 186
59.726 -0.00554 -7.05 2.77 175
60.060 -0.01412 -6.94 2.97 174
60.394 -0.02127 -7.24 3.35 161
60.727 -0.02010 -6.81 3.27 185
61.061 -0.01892 -6.38 3.18 156
61.395 -0.00344 -7.35 2.72 175
61.728 -0.00078 -7.48 2.72 173
62.062 0.00188 -7.61 2.72 157
62.396 0.00454 -7.73 2.72 171
62.729 0.00721 -7.86 2.71 176
63.063 0.00987 -7.99 2.71 175
63.397 0.01253 -8.12 2.71 180
63.730 0.02664 -8.74 2.25 179
64.064 -0.01124 -9.58 2.51 161
64.398 -0.01424 -10.25 2.24 170
64.731 -0.01724 -10.91 1.98 165
65.065 -0.02025 -11.58 1.71 174
65.399 -0.02325 -12.25 1.44 198
65.732 -0.01845 -12.11 1.07 173
66.066 -0.01365 -11.97 0.70 172
66.400 -0.00805 -10.40 0.91 191
66.733 -0.01486 -10.27 0.94 174
67.067 -0.02167 -10.15 0.96 173
67.401 -0.02848 -10.02 0.99 181
67.734 -0.03528 -9.89 1.01 176
68.068 -0.04209 -9.76 1.04 163
68.402 -0.04890 -9.64 1.06 175
68.735 -0.05571 -9.51 1.09 177
69.069 -0.04883 -9.49 1.11 181
69.403 -0.04195 -9.47 1.13 177
69.736 -0.03507 -9.45 1.16 177
70.070 -0.02818 -9.43 1.18 174
70.404 -0.02130 -9.42 1.20 176
70.737 -0.01442 -9.40 1.22 173
71.071 -0.00754 -9.38 1.25 173
71.405 -0.00066 -9.36 1.27 185
71.738 0.00622 -9.34 1.29 175
72.072 0.01187 -8.37 1.40 175
72.406 0.02047 -8.10 1.40 176
72.739 0.01610 -7.84 1.79 183
73.073 0.01172 -7.59 2.18 161
73.407 0.00735 -7.33 2.57 175
73.740 -0.00132 -7.60 2.64 148
74.074 -0.01000 -7.88 2.72 172
74.408 -0.01867 -8.15 2.80 186
74.741 -0.02734 -8.42 2.87 170
75.075 -0.03532 -8.97 3.05 187
75.409 -0.05709 -8.16 2.35 170
75.742 -0.03281 -7.73 2.53 178
76.076 -0.03371 -8.16 2.33 164
76.410 -0.03461 -8.59 2.14 188
76.743 -0.03551 -9.02 1.94 172
77.077 -0.03641 -9.44 1.74 173
77.411 -0.03731 -9.87 1.55 166
77.744 -0.03821 -10.30 1.35 179
78.078 -0.01910 -10.02 1.57 177
78.412 -0.03417 -9.33 1.88 156
78.745 -0.04924 -8.64 2.18 165
79.079 -0.04893 -8.64 2.42 182
79.413 -0.04619 -8.98 1.69 172
79.746 -0.05815 -9.30 1.77 163
80.080 -0.03815 -10.41 0.76 176
80.414 -0.05064 -9.00 1.65 170
80.747 -0.03757 -8.53 0.16 173
81.081 -0.02554 -9.39 0.45 168
81.415 -0.04094 -10.77 0.15 175
81.748 -0.07301 -8.93 1.68 165
82.082 -0.04244 -11.43 0.45 174
82.416 -0.07417 -11.95 1.10 166
82.749 -0.12884 -11.53 1.90 168
83.083 -0.18353 -11.11 2.70 175
83.417 -0.16999 -12.33 2.10 182
83.750 -0.19866 -10.31 2.92 162
84.084 -0.19083 -9.09 3.04 161
84.418 -0.17687 -11.54 3.28 186
84.751 -0.18143 -10.65 4.12 171
85.085 -0.16329 -12.23 3.33 175
85.419 -0.15438 -10.48 5.14 173
85.752 -0.15370 -10.65 5.12 167
86.086 -0.15301 -10.83 5.10 161
86.420 -0.15233 -11.00 5.08 167
86.753 -0.15165 -11.18 5.05 173
87.087 -0.15097 -11.35 5.03 155
87.421 -0.15028 -11.53 5.01 166
87.754 -0.14960 -11.70 4.99 172
88.088 -0.14277 -11.76 5.15 169
88.422 -0.15358 -10.34 5.22 167
88.755 -0.13515 -10.22 4.99 171
89.089 -0.12312 -9.96 4.56 169
89.423 -0.10564 -9.35 4.28 161
89.756 -0.08974 -10.06 3.62 164
90.090 -0.09441 -10.01 3.68 171
90.424 -0.09907 -9.96 3.74 170
90.757 -0.10563 -9.39 3.95 159
91.091 -0.12319 -10.64 3.78 163
91.425 -0.13193 -10.81 3.55 174
91.758 -0.14066 -10.97 3.33 181
92.092 -0.12990 -10.37 3.18 167
92.426 -0.12543 -8.99 3.82 158
92.759 -0.12364 -9.49 3.48 171
93.093 -0.12185 -10.00 3.13 168
93.427 -0.13381 -10.12 3.62 171
93.760 -0.14577 -10.23 4.10 166
94.094 -0.17231 -10.31 4.52 173
94.428 -0.15140 -8.78 4.92 167
94.761 -0.17261 -9.73 4.79 176
95.095 -0.19382 -10.69 4.65 160
95.429 -0.18851 -10.59 4.23 170
95.762 -0.20000 -9.82 4.90 162
96.096 -0.19181 -10.10 4.66 171
96.430 -0.19627 -10.66 5.10 176
96.763 -0.21399 -11.50 5.21 177
97.097 -0.20360 -10.90 5.13 169
97.431 -0.19320 -10.29 5.04 183
97.764 -0.17727 -9.98 5.42 159
98.098 -0.19812 -10.90 5.07 167
98.432 -0.22491 -10.56 5.67 162
98.765 -0.23628 -10.60 5.57 174
99.099 -0.25070 -9.59 5.70 155
99.433 -0.24988 -10.22 5.36 178
99.766 -0.24906 -10.84 5.03 183
100.100 -0.26322 -10.80 4.93 173
100.434 -0.24302 -12.67 3.50 168
100.767 -0.24050 -10.87 4.27 169
101.101 -0.23124 -10.41 4.16 170
101.435 -0.21426 -10.52 3.62 160
101.768 -0.21656 -9.57 4.04 148
102.102 -0.20174 -11.28 4.05 161
102.436 -0.20261 -10.90 4.21 163
102.769 -0.19289 -10.64 3.95 159
103.103 -0.19389 -8.87 4.18 153
103.437 -0.18328 -9.52 3.86 166
103.770 -0.17268 -10.17 3.54 171
104.104 -0.16994 -9.22 4.50 169
104.438 -0.16839 -11.73 3.23 175
104.771 -0.16403 -10.04 3.62 166
105.105 -0.14997 -10.02 3.30 163
105.439 -0.15845 -8.94 3.59 158
105.772 -0.15606 -9.73 2.89 162
106.106 -0.13528 -10.99 2.49 179
106.440 -0.11575 -9.79 2.01 162
106.773 -0.09475 -10.32 1.61 178
107.107 -0.07374 -10.85 1.21 184
107.441 -0.07365 -10.86 1.19 149
107.774 -0.07356 -10.87 1.18 168
108.108 -0.06170 -10.12 0.43 180
108.442 -0.06338 -9.39 0.86 155
108.775 -0.06506 -8.67 1.29 167
109.109 -0.06111 -8.21 2.23 160
109.443 -0.03569 -9.72 1.40 176
109.776 -0.03714 -9.02 1.46 174
110.110 -0.02562 -8.70 0.90 172
110.444 -0.03173 -8.32 1.07 166
110.777 -0.03784 -7.95 1.24 173
111.111 -0.04332 -7.44 0.91 158
111.445 -0.04879 -6.93 0.59 175
111.778 -0.04429 -8.05 0.73 169
112.112 -0.02712 -7.76 0.46 161
112.446 -0.03901 -7.11 1.00 170
112.779 -0.02937 -6.85 0.82 174
113.113 -0.01818 -9.30 -0.36 182
113.447 -0.00698 -11.76 -1.55 178
113.780 -0.00448 -11.31 -2.07 166
114.114 -0.00197 -10.85 -2.60 181
114.448 -0.00046 -10.75 -4.23 165
114.781 -0.00163 -9.86 -4.95 193
115.115 0.03102 -6.00 -3.81 171
115.449 0.03755 -6.43 -4.19 176
115.782 0.02799 -7.14 -4.32 200
116.116 0.01842 -7.86 -4.45 191
116.450 0.02596 -7.67 -4.70 176
116.783 0.03350 -7.47 -4.95 169
117.117 0.04104 -7.28 -5.20 205
117.451 0.05803 -7.92 -5.33 183
117.784 0.05736 -7.57 -5.39 191
118.118 0.05515 -7.54 -5.39 181
118.452 0.07984 -5.15 -4.95 181
118.785 0.08802 -6.81 -5.94 190
119.119 0.09691 -6.18 -5.62 201
119.453 0.09265 -4.24 -4.46 181
119.786 0.10707 -4.22 -4.88 190
120.120 0.07507 -4.78 -4.85 185
120.454 0.08935 -6.38 -5.66 197
120.787 0.09993 -5.92 -5.50 198
121.121 0.09934 -3.93 -4.89 181
121.455 0.09262 -5.06 -5.12 191
121.788 0.08591 -6.18 -5.34 186
122.122 0.08360 -5.28 -5.10 186
122.456 0.07878 -4.82 -4.68 174
122.789 0.08508 -5.03 -4.13 190
123.123 0.09912 -6.13 -3.97 188
123.457 0.10669 -6.33 -3.95 192
123.790 0.12791 -6.35 -3.69 183
124.124 0.11859 -5.74 -3.52 192
124.458 0.11096 -4.93 -3.09 185
124.791 0.13451 -5.56 -3.77 188
125.125 0.08500 -5.25 -3.27 195
125.459 0.07936 -4.13 -3.19 185
125.792 0.08340 -5.09 -3.36 187
126.126 0.08765 -4.69 -2.75 200
126.460 0.09381 -4.74 -3.19 178
126.793 0.10371 -2.85 -2.33 165
127.127 0.08259 -4.35 -2.65 190
127.461 0.07452 -2.83 -2.02 179
127.794 0.06681 -4.21 -2.81 190
128.128 0.05263 -4.09 -2.36 193
128.462 0.04429 -3.95 -2.12 204
128.795 0.07787 -3.50 -2.10 197
129.129 0.07869 -3.17 -2.14 178
129.463 0.08364 -3.34 -2.23 193
129.796 0.08149 -3.04 -2.53 210
130.130 0.10154 -3.07 -2.86 204
130.464 0.07777 -3.02 -2.51 191
130.797 0.05850 -2.95 -2.51 204
131.131 0.05781 -2.65 -2.30 196
131.465 0.07415 -2.29 -2.25 191
131.798 0.08616 -2.08 -2.33 185
132.132 0.09615 -1.78 -2.60 196
132.466 0.11145 -1.43 -2.98 196
132.799 0.11417 -1.32 -3.11 197
133.133 0.09601 -1.19 -3.05 193
133.467 0.10994 -0.99 -3.31 199
133.800 0.11687 -0.69 -3.76 201
134.134 0.14060 -0.31 -3.91 189
134.468 0.13496 -0.34 -4.39 204
134.801 0.15582 -0.18 -4.72 192
135.135 0.16271 0.16 -4.48 186
135.469 0.16961 0.51 -4.23 189
135.802 0.19582 0.87 -3.30 204
136.136 0.20181 1.23 -3.26 195
136.470 0.20781 1.59 -3.22 198
136.803 0.21160 1.85 -3.49 186
137.137 0.24622 2.17 -4.17 194
137.471 0.26803 2.60 -4.47 195
137.804 0.25706 2.57 -4.29 192
138.138 0.24609 2.54 -4.10 182
138.472 0.23688 3.47 -3.52 195
138.805 0.21891 3.77 -3.44 190
139.139 0.22523 4.10 -3.16 184
139.473 0.24362 4.39 -3.60 184
139.806 0.27747 4.76 -4.12 192
140.140 0.28781 5.29 -4.56 197
140.474 0.29194 5.44 -5.11 193
140.807 0.31697 6.04 -5.39 200
141.141 0.31843 5.84 -5.62 187
141.475 0.31144 6.21 -5.80 191
141.808 0.31427 7.31 -5.47 208
142.142 0.31726 5.99 -5.32 181
142.476 0.28385 6.25 -4.79 173
142.809 0.31393 6.94 -4.85 181
143.143 0.30532 7.62 -4.45 182
143.477 0.32361 7.20 -4.46 194
143.810 0.33435 8.26 -3.95 193
144.144 0.31791 7.50 -3.93 176
144.478 0.30408 7.67 -3.87 188
144.811 0.27567 7.59 -4.42 188
145.145 0.29635 6.51 -5.44 182
145.479 0.32818 7.44 -5.55 188
145.812 0.33652 8.30 -5.70 203
146.146 0.35295 7.89 -6.27 195
146.480 0.35452 7.24 -6.72 183
146.813 0.37007 7.24 -7.28 185
147.147 0.34055 6.60 -7.35 175
147.481 0.37187 8.89 -6.86 173
147.814 0.38831 8.25 -7.24 182
148.148 0.39101 8.57 -6.87 186
148.482 0.39372 8.88 -6.50 177
148.815 0.39642 9.20 -6.13 187
149.149 0.41985 9.19 -6.06 190
149.483 0.43560 8.28 -7.01 181
149.816 0.43228 9.31 -6.22 187
150.150 0.40849 8.87 -6.46 183
150.484 0.43305 9.26 -6.98 200
150.817 0.44419 8.42 -7.08 174
151.151 0.45428 8.66 -7.38 177
151.485 0.46436 8.89 -7.67 182
151.818 0.46143 8.17 -8.04 173
152.152 0.49292 9.49 -8.25 192
152.486 0.50588 10.24 -8.56 170
152.819 0.45046 9.19 -8.65 162
153.153 0.38562 8.91 -8.15 174
153.487 0.39102 8.57 -8.48 191
153.820 0.35950 7.17 -8.68 177
154.154 0.40074 8.62 -8.94 177
154.488 0.41966 9.95 -8.92 201
154.821 0.41606 9.67 -9.18 186
155.155 0.43044 8.79 -9.25 180
155.489 0.42717 9.94 -8.96 188
155.822 0.40278 10.09 -8.76 188
156.156 0.40895 9.89 -8.97 157
156.490 0.41511 9.69 -9.19 182
156.823 0.40890 9.90 -8.80 189
157.157 0.42165 10.03 -8.32 190
157.491 0.41792 9.39 -8.59 179
157.824 0.41419 8.76 -8.86 167
158.158 0.44166 8.23 -9.80 171
158.492 0.44471 7.72 -10.25 174
158.825 0.44704 7.36 -9.48 153
159.159 0.46295 7.53 -9.67 163
159.493 0.46052 7.41 -9.91 166
159.826 0.45925 8.34 -9.68 188
160.160 0.45799 9.28 -9.46 191
160.494 0.45672 10.21 -9.23 186
160.827 0.45817 10.38 -8.93 191
161.161 0.46171 10.27 -9.06 177
161.495 0.46525 10.15 -9.18 172
161.828 0.46879 10.04 -9.31 179
162.162 0.46627 9.52 -9.37 177
162.496 0.48115 7.86 -9.36 168
162.829 0.47769 8.68 -8.47 171
163.163 0.48266 9.88 -7.41 171
163.497 0.48675 8.79 -7.69 160
163.830 0.47522 7.38 -7.76 176
164.164 0.50439 9.60 -7.18 188
164.498 0.50308 7.09 -7.87 156
164.831 0.51004 9.70 -6.70 181
165.165 0.50988 9.58 -6.55 171
165.499 0.51545 8.91 -7.04 165
165.832 0.48643 8.14 -6.28 167
166.166 0.49949 9.47 -6.20 179
166.500 0.50248 8.66 -6.75 169
166.833 0.44606 7.90 -6.68 165
167.167 0.46249 9.53 -6.08 157
167.501 0.46904 9.73 -6.08 160
167.834 0.47558 9.92 -6.08 159
168.168 0.48213 10.12 -6.08 157
168.502 0.50801 8.21 -6.94 175
168.835 0.51051 9.75 -6.63 179
169.169 0.51257 9.43 -7.45 188
169.503 0.53247 9.93 -7.44 180
169.836 0.53394 10.11 -7.06 180
170.170 0.54143 9.16 -7.68 169
170.504 0.54366 9.67 -7.49 147
170.837 0.54588 10.17 -7.31 176
171.171 0.57259 9.57 -8.26 164
171.505 0.56958 10.81 -7.96 178
171.838 0.58959 9.60 -8.62 160
172.172 0.60702 10.35 -8.18 169
172.506 0.59643 9.45 -8.72 164
172.839 0.58997 10.59 -8.40 166
173.173 0.57303 9.70 -9.77 173
173.507 0.53780 9.35 -10.63 165
173.840 0.54531 8.70 -10.35 178
174.174 0.57126 7.41 -11.11 168
174.508 0.56640 7.05 -11.39 168
174.841 0.55548 6.44 -12.05 163
175.175 0.55886 6.80 -11.84 164
175.509 0.56223 7.15 -11.62 168
175.842 0.56561 7.51 -11.41 167
176.176 0.59192 7.55 -12.63 162
176.510 0.61823 7.60 -13.86 151
176.843 0.64453 7.64 -15.08 177
177.177 0.63703 7.99 -15.00 152
177.511 0.62952 8.34 -14.91 170
177.844 0.63640 7.75 -15.28 160
178.178 0.61824 6.10 -14.72 170
178.512 0.59523 5.58 -14.54 171
178.845 0.57223 5.06 -14.36 179
179.179 0.54922 4.53 -14.17 169
179.513 0.52621 4.01 -13.99 170
179.846 0.49770 3.03 -14.73 168
180.180 0.49518 1.20 -17.12 160
180.514 0.52219 0.61 -18.50 145
180.847 0.54919 0.03 -19.87 143
181.181 0.54869 -0.25 -19.84 140
181.515 0.56163 -0.89 -20.23 140
181.848 0.57456 -1.53 -20.61 143
182.182 0.57569 -1.37 -20.20 149
182.516 0.56793 -1.88 -18.84 153
182.849 0.60345 -1.40 -18.45 150
183.183 0.59577 -1.30 -18.19 156
183.517 0.60024 -1.66 -18.66 157
183.850 0.63425 -2.16 -19.18 156
184.184 0.61503 -2.30 -18.84 161
184.518 0.58795 -2.56 -18.43 158
184.851 0.56892 -2.62 -18.19 162
185.185 0.52825 -3.34 -17.99 168
185.519 0.48759 -4.06 -17.78 163
185.852 0.44694 -4.78 -17.58 142
186.186 0.40627 -5.50 -17.38 148
186.520 0.45473 -3.96 -18.57 132
186.853 0.32948 -9.13 -18.91 139
187.187 0.35698 -9.37 -19.01 145
187.521 0.38449 -9.61 -19.11 126
187.854 0.41199 -9.84 -19.21 139
188.188 0.43949 -10.08 -19.31 127
188.522 0.47041 -10.23 -18.73 140
188.855 0.40608 -9.14 -16.73 139
189.189 0.39616 -8.77 -16.25 131
189.523 0.38624 -8.39 -15.77 134
189.856 0.37632 -8.02 -15.29 142
190.190 0.37818 -7.34 -15.95 141
190.524 0.39465 -7.15 -15.98 135
190.857 0.41112 -6.97 -16.01 143
191.191 0.37020 -7.48 -15.02 144
191.525 0.41696 -7.63 -15.53 136
191.858 0.36342 -7.43 -14.39 136
192.192 0.30986 -7.22 -13.25 129
192.526 0.27080 -6.40 -11.96 126
192.859 0.23687 -7.05 -11.17 135
193.193 0.20294 -7.70 -10.37 127
193.527 0.16900 -8.35 -9.58 124
193.860 0.17649 -8.52 -9.39 123
194.194 0.12845 -10.42 -9.10 130
194.528 0.12783 -8.68 -7.56 130
194.861 0.10441 -8.80 -7.39 121
195.195 0.08099 -8.93 -7.22 119
195.529 0.11932 -8.73 -7.10 124
195.862 0.11406 -8.94 -7.07 130
196.196 0.11182 -9.18 -7.23 115
196.530 0.13056 -9.84 -7.47 133
196.863 0.12492 -9.22 -6.93 118
197.197 0.11928 -8.61 -6.39 128
197.531 0.11364 -7.99 -5.85 115
197.864 0.10434 -9.10 -6.19 115
198.198 0.09504 -10.22 -6.54 118
198.532 0.11128 -9.86 -5.97 110
198.865 0.07426 -8.49 -4.76 106
199.199 0.06023 -10.27 -5.43 112
199.533 0.04581 -9.77 -4.66 116
199.866 0.03114 -9.85 -4.39 117
200.200 0.01647 -9.93 -4.11 115
200.534 0.00180 -10.01 -3.84 111
200.867 0.01255 -11.25 -4.33 114
201.201 0.01119 -9.15 -3.58 109
201.535 -0.00330 -10.37 -3.82 111
201.868 0.00638 -10.08 -4.14 113
202.202 0.01162 -11.05 -5.14 117
202.536 0.03642 -9.88 -5.05 101
202.869 0.03890 -9.24 -4.93 100
203.203 0.04138 -8.60 -4.80 104
203.537 0.03834 -10.01 -5.32 102
203.870 0.03707 -11.16 -5.29 104
204.204 0.06187 -9.53 -4.87 111
204.538 0.07116 -9.80 -4.40 106
204.871 0.07820 -9.81 -4.81 109
205.205 0.10147 -9.85 -5.87 102
205.539 0.11924 -9.60 -6.27 109
205.872 0.16007 -9.62 -6.91 106
206.206 0.14323 -10.36 -7.10 111
206.540 0.15551 -10.43 -7.70 108
206.873 0.15494 -8.66 -7.60 99
207.207 0.16669 -9.91 -8.80 96
207.541 0.20666 -8.99 -9.64 101
207.874 0.21519 -8.96 -9.31 100
208.208 0.22372 -8.93 -8.98 99
208.542 0.24299 -8.89 -8.76 100
208.875 0.26447 -8.83 -9.80 80
209.209 0.28595 -8.76 -10.85 85
209.543 0.29148 -9.21 -12.26 86
209.876 0.31486 -10.22 -13.81 76
210.210 0.31882 -11.60 -14.67 80
210.544 0.23968 -12.30 -14.07 81
210.877 0.26338 -13.30 -14.83 77
211.211 0.24378 -12.68 -14.21 82
211.545 0.28940 -12.34 -14.80 78
211.878 0.27972 -11.40 -13.99 75
212.212 0.28287 -10.91 -13.63 76
212.546 0.23917 -10.68 -12.73 79
212.879 0.24513 -10.78 -12.91 79
213.213 0.23179 -10.23 -12.36 85
213.547 0.19653 -9.87 -11.00 83
213.880 0.20906 -9.33 -10.56 73
214.214 0.22159 -8.79 -10.12 76
214.548 0.22008 -9.26 -9.07 78
214.881 0.17832 -9.99 -8.73 66
215.215 0.21124 -7.57 -7.70 67
215.549 0.21620 -8.46 -7.28 67
215.882 0.22116 -9.34 -6.87 67
216.216 0.19508 -10.19 -6.70 77
216.550 0.17847 -9.24 -5.21 76
216.883 0.16044 -9.28 -3.68 72
217.217 0.14353 -9.32 -3.10 68
217.551 0.17105 -9.72 -3.42 70
217.884 0.14410 -10.72 -3.57 69
218.218 0.16377 -10.16 -3.89 68
218.552 0.10310 -11.00 -3.62 65
218.885 0.11663 -11.12 -3.88 62
219.219 0.13016 -11.24 -4.14 70
219.553 0.08753 -9.85 -1.75 61
219.886 0.10317 -11.10 -2.43 71
220.220 0.10318 -9.82 -1.87 57
220.554 0.13424 -11.21 -2.69 65
220.887 0.13885 -11.02 -2.66 67
221.221 0.14151 -9.92 -2.34 63
221.555 0.13520 -10.10 -2.62 57
221.888 0.10067 -9.12 -1.88 55
222.222 0.08121 -11.33 -2.70 58
222.556 0.07218 -10.66 -1.68 62
222.889 0.08535 -11.06 -2.06 64
223.223 0.11501 -11.74 -2.96 56
223.557 0.09760 -11.45 -2.24 57
223.890 0.14245 -10.42 -2.02 55
224.224 0.13417 -10.22 -1.93 54
224.558 0.12589 -10.02 -1.84 55
224.891 0.13021 -9.53 -1.53 53
225.225 0.11577 -11.54 -1.40 57
225.559 0.10191 -11.17 -0.94 56
225.892 0.07150 -11.58 -0.38 63
226.226 0.07049 -12.45 -0.79 54
226.560 0.07190 -11.17 -0.61 56
226.893 0.03768 -10.67 -0.19 49
227.227 0.00344 -10.17 0.24 49
227.561 -0.00201 -10.50 0.19 50
227.894 -0.00392 -10.07 0.28 45
228.228 -0.02986 -10.88 0.33 47
228.562 -0.01605 -10.96 -0.15 45
228.895 -0.03830 -10.32 0.11 54
229.229 -0.09324 -11.62 0.08 51
229.563 -0.03277 -10.60 -0.65 46
229.896 -0.04835 -11.13 -0.35 47
230.230 -0.03532 -10.22 -0.43 50
230.564 -0.12214 -11.91 -0.29 41
230.897 -0.10595 -11.15 -1.02 44
231.231 -0.09450 -11.07 -1.20 44
231.565 -0.08305 -11.00 -1.38 37
231.898 -0.07161 -10.93 -1.55 34
232.232 -0.06016 -10.85 -1.73 48
232.566 -0.04871 -10.77 -1.91 38
232.899 -0.03726 -10.70 -2.09 39
233.233 0.00889 -11.04 -2.16 32
233.567 -0.01385 -10.58 -1.44 42
233.900 0.01056 -10.03 -1.83 33
234.234 0.01881 -10.16 -1.94 33
234.568 -0.01467 -10.28 -1.36 41
234.901 0.00615 -10.53 -1.77 32
235.235 -0.01642 -9.91 -1.03 27
235.569 -0.03898 -9.29 -0.29 25
235.902 -0.05619 -8.97 0.04 28
236.236 -0.02333 -8.95 -0.74 29
236.570 -0.02642 -7.86 -0.05 25
236.903 -0.03852 -8.71 0.04 21
237.237 -0.05063 -9.57 0.12 21
237.571 -0.06273 -10.42 0.21 25
237.904 -0.06427 -10.58 0.13 25
238.238 -0.06248 -10.02 0.34 26
238.572 -0.06070 -9.46 0.56 16
238.905 -0.05891 -8.90 0.77 26
239.239 -0.05818 -8.86 0.75 14
239.573 -0.05744 -8.83 0.73 21
239.906 -0.05671 -8.79 0.71 19
240.240 -0.05598 -8.75 0.68 14
240.574 -0.05525 -8.72 0.66 12
240.907 -0.05451 -8.68 0.64 15
241.241 -0.05378 -8.65 0.62 16
241.575 -0.05305 -8.61 0.60 18
241.908 -0.05231 -8.57 0.58 16
242.242 -0.05158 -8.54 0.56 12
242.576 -0.05085 -8.50 0.53 14
242.909 -0.05012 -8.46 0.51 14
243.243 -0.04938 -8.43 0.49 15
243.577 -0.04865 -8.39 0.47 14
243.910 -0.04792 -8.36 0.45 13
244.244 -0.04718 -8.32 0.43 11
244.578 -0.04645 -8.28 0.41 15
244.911 -0.04572 -8.25 0.38 12
245.245 -0.04499 -8.21 0.36 0
245.579 -0.04425 -8.17 0.34 0
245.912 -0.04352 -8.14 0.32 0
246.246 -0.04279 -8.10 0.30 0
246.580 -0.04205 -8.07 0.28 13
246.913 -0.04132 -8.03 0.26 0
247.247 -0.04059 -7.99 0.24 12
247.581 -0.03986 -7.96 0.21 0
247.914 -0.03912 -7.92 0.19 10
248.248 -0.03839 -7.88 0.17 10
248.582 -0.03766 -7.85 0.15 13
248.915 -0.03692 -7.81 0.13 0
249.249 -0.03619 -7.77 0.11 14
249.583 -0.03546 -7.74 0.09 0
249.916 -0.03473 -7.70 0.06 13
250.250 -0.03399 -7.67 0.04 11
250.584 -0.03326 -7.63 0.02 10
250.917 -0.03253 -7.59 -0.00 0
251.251 -0.03179 -7.56 -0.02 0
251.585 -0.03106 -7.52 -0.04 10
251.918 -0.03033 -7.48 -0.06 12
252.252 -0.02960 -7.45 -0.09 17
252.586 -0.02886 -7.41 -0.11 0
252.919 -0.02813 -7.38 -0.13 16
253.253 -0.02740 -7.34 -0.15 10
253.587 -0.02666 -7.30 -0.17 13
253.920 -0.02593 -7.27 -0.19 11
254.254 -0.02520 -7.23 -0.21 16
254.588 -0.02446 -7.19 -0.24 13
254.921 -0.02373 -7.16 -0.26 13
255.255 -0.02300 -7.12 -0.28 16
255.589 -0.02227 -7.09 -0.30 11
255.922 -0.02153 -7.05 -0.32 17
256.256 -0.02080 -7.01 -0.34 10
256.590 -0.02007 -6.98 -0.36 13
256.923 -0.01934 -6.94 -0.39 10
257.257 -0.01860 -6.90 -0.41 12
257.591 -0.01787 -6.87 -0.43 10
257.924 -0.01714 -6.83 -0.45 0
258.258 -0.01640 -6.79 -0.47 12
258.592 -0.01567 -6.76 -0.49 0
258.925 -0.01494 -6.72 -0.51 11
259.259 -0.01420 -6.69 -0.53 0
259.593 -0.01347 -6.65 -0.56 10
259.926 -0.01274 -6.61 -0.58 0
260.260 -0.01201 -6.58 -0.60 0
260.594 -0.01127 -6.54 -0.62 0
260.927 -0.01054 -6.50 -0.64 0
261.261 -0.00981 -6.47 -0.66 12
261.595 -0.00907 -6.43 -0.68 0
261.928 -0.00834 -6.40 -0.71 0
262.262 -0.00761 -6.36 -0.73 10
262.596 -0.00688 -6.32 -0.75 12
262.929 -0.00614 -6.29 -0.77 0
263.263 -0.00541 -6.25 -0.79 12
263.597 -0.00468 -6.21 -0.81 10
263.930 -0.00394 -6.18 -0.83 10
264.264 -0.00321 -6.14 -0.86 11
264.598 -0.00248 -6.10 -0.88 0
264.931 -0.00175 -6.07 -0.90 0
265.265 -0.00101 -6.03 -0.92 11
265.599 -0.00028 -6.00 -0.94 11
265.932 0.00045 -5.96 -0.96 14
266.266 0.00119 -5.92 -0.98 13
266.600 0.00192 -5.89 -1.01 11
266.933 0.00265 -5.85 -1.03 16
267.267 0.00338 -5.81 -1.05 16
267.601 0.00412 -5.78 -1.07 17
267.934 0.00485 -5.74 -1.09 13
268.268 0.00558 -5.71 -1.11 15
268.602 0.00632 -5.67 -1.13 13
268.935 0.00705 -5.63 -1.16 0
269.269 0.00778 -5.60 -1.18 13
269.603 0.00851 -5.56 -1.20 17
269.936 0.00925 -5.52 -1.22 12
270.270 0.00998 -5.49 -1.24 13
270.604 0.01071 -5.45 -1.26 18
270.937 0.01145 -5.42 -1.28 13
271.271 0.01218 -5.38 -1.30 0
271.605 0.01291 -5.34 -1.33 13
271.938 0.01364 -5.31 -1.35 0
272.272 0.01438 -5.27 -1.37 14
272.606 0.01511 -5.23 -1.39 13
272.939 0.01584 -5.20 -1.41 14
273.273 0.01658 -5.16 -1.43 13
273.607 0.01731 -5.12 -1.45 15
273.940 0.01804 -5.09 -1.48 12
274.274 0.01877 -5.05 -1.50 13
274.608 0.01951 -5.02 -1.52 12
274.941 0.02024 -4.98 -1.54 13
275.275 0.02097 -4.94 -1.56 12
275.609 0.02171 -4.91 -1.58 13
275.942 0.02244 -4.87 -1.60 12
276.276 0.02317 -4.83 -1.63 14
276.610 0.02390 -4.80 -1.65 12
276.943 0.02464 -4.76 -1.67 15
277.277 0.02537 -4.73 -1.69 13
277.611 0.02610 -4.69 -1.71 0
277.944 0.02684 -4.65 -1.73 0
278.278 0.02757 -4.62 -1.75 13
278.612 0.02830 -4.58 -1.78 10
278.945 0.02903 -4.54 -1.80 10
279.279 0.02977 -4.51 -1.82 0
279.613 0.03050 -4.47 -1.84 11
279.946 0.03123 -4.44 -1.86 12
280.280 0.03197 -4.40 -1.88 12
280.614 0.03270 -4.36 -1.90 10
280.947 0.03343 -4.33 -1.93 0
281.281 0.03416 -4.29 -1.95 0
281.615 0.03490 -4.25 -1.97 10
281.948 0.03563 -4.22 -1.99 10
282.282 0.03636 -4.18 -2.01 10
282.616 0.03710 -4.14 -2.03 10
282.949 0.03783 -4.11 -2.05 0
283.283 0.03856 -4.07 -2.07 0
283.617 0.03929 -4.04 -2.10 0
283.950 0.04003 -4.00 -2.12 0
284.284 0.04076 -3.96 -2.14 10
284.618 0.04149 -3.93 -2.16 0
284.951 0.04223 -3.89 -2.18 0
285.285 0.04296 -3.85 -2.20 0
285.619 0.04369 -3.82 -2.22 0
285.952 0.04442 -3.78 -2.25 0
286.286 0.04516 -3.75 -2.27 0
286.620 0.04589 -3.71 -2.29 0
286.953 0.04662 -3.67 -2.31 0
287.287 0.04736 -3.64 -2.33 0
287.621 0.04809 -3.60 -2.35 0
287.954 0.04882 -3.56 -2.37 0
288.288 0.04955 -3.53 -2.40 0
288.622 0.05029 -3.49 -2.42 0
288.955 0.05102 -3.46 -2.44 0
289.289 0.05175 -3.42 -2.46 0
289.623 0.05249 -3.38 -2.48 0
289.956 0.05322 -3.35 -2.50 0
290.290 0.05395 -3.31 -2.52 10
290.624 0.05468 -3.27 -2.55 0
290.957 0.05542 -3.24 -2.57 0
291.291 0.05615 -3.20 -2.59 0
291.625 0.05688 -3.16 -2.61 0
291.958 0.05762 -3.13 -2.63 0
292.292 0.05835 -3.09 -2.65 0
292.626 0.05908 -3.06 -2.67 0
292.959 0.05981 -3.02 -2.70 0
293.293 0.06055 -2.98 -2.72 0
293.627 0.06128 -2.95 -2.74 0
293.960 0.06201 -2.91 -2.76 10
294.294 0.06275 -2.87 -2.78 0
294.628 0.06348 -2.84 -2.80 0
294.961 0.06421 -2.80 -2.82 0
295.295 0.06495 -2.77 -2.84 0
295.629 0.06568 -2.73 -2.87 0
295.962 0.06641 -2.69 -2.89 0
296.296 0.06714 -2.66 -2.91 0
296.630 0.06788 -2.62 -2.93 0
296.963 0.06861 -2.58 -2.95 0
297.297 0.06934 -2.55 -2.97 0
297.631 0.07008 -2.51 -2.99 0
297.964 0.07081 -2.47 -3.02 10
298.298 0.07154 -2.44 -3.04 0
298.632 0.07227 -2.40 -3.06 0
298.965 0.07301 -2.37 -3.08 0
299.299 0.07374 -2.33 -3.10 0
299.633 0.07447 -2.29 -3.12 0
299.966 0.07521 -2.26 -3.14 0
300.300 0.07594 -2.22 -3.17 0
300.634 0.07667 -2.18 -3.19 0
300.967 0.07740 -2.15 -3.21 0
301.301 0.07814 -2.11 -3.23 0
301.635 0.07887 -2.08 -3.25 0
301.968 0.07960 -2.04 -3.27 0
302.302 0.08034 -2.00 -3.29 0
302.636 0.08107 -1.97 -3.32 0
302.969 0.08180 -1.93 -3.34 0
303.303 0.08253 -1.89 -3.36 0
303.637 0.08327 -1.86 -3.38 0
303.970 0.08400 -1.82 -3.40 0
304.304 0.08473 -1.79 -3.42 0
304.638 0.08547 -1.75 -3.44 0
304.971 0.08620 -1.71 -3.47 0
305.305 0.08693 -1.68 -3.49 0
305.639 0.08766 -1.64 -3.51 0
305.972 0.08840 -1.60 -3.53 0
306.306 0.08913 -1.57 -3.55 0
306.640 0.08986 -1.53 -3.57 0
306.973 0.09060 -1.49 -3.59 0
307.307 0.09133 -1.46 -3.61 0
307.641 0.09206 -1.42 -3.64 0
307.974 0.09279 -1.39 -3.66 0
308.308 0.09353 -1.35 -3.68 0
308.642 0.09426 -1.31 -3.70 0
308.975 0.09499 -1.28 -3.72 0
309.309 0.09573 -1.24 -3.74 0
309.643 0.09646 -1.20 -3.76 0
309.976 0.09719 -1.17 -3.79 0
310.310 0.09792 -1.13 -3.81 0
310.644 0.09866 -1.10 -3.83 0
310.977 0.09939 -1.06 -3.85 0
311.311 0.10012 -1.02 -3.87 0
311.645 0.10086 -0.99 -3.89 0
311.978 0.10159 -0.95 -3.91 0
312.312 0.10232 -0.91 -3.94 0
312.646 0.10305 -0.88 -3.96 0
312.979 0.10379 -0.84 -3.98 0
313.313 0.10452 -0.81 -4.00 0
313.647 0.10525 -0.77 -4.02 0
313.980 0.10599 -0.73 -4.04 0
314.314 0.10672 -0.70 -4.06 0
314.648 0.10745 -0.66 -4.09 0
314.981 0.10818 -0.62 -4.11 0
315.315 0.10892 -0.59 -4.13 0
315.649 0.10965 -0.55 -4.15 0
315.982 0.11038 -0.51 -4.17 0
316.316 0.11112 -0.48 -4.19 0
316.650 0.11185 -0.44 -4.21 0
316.983 0.11258 -0.41 -4.24 0
317.317 0.11331 -0.37 -4.26 0
317.651 0.11405 -0.33 -4.28 0
317.984 0.11478 -0.30 -4.30 0
318.318 0.11551 -0.26 -4.32 0
318.652 0.11625 -0.22 -4.34 0
318.985 0.11698 -0.19 -4.36 0
319.319 0.11771 -0.15 -4.38 0
319.653 0.11844 -0.12 -4.41 0
319.986 0.11918 -0.08 -4.43 0
320.320 0.11991 -0.04 -4.45 0
320.654 0.12064 -0.01 -4.47 0
320.987 0.12138 0.03 -4.49 0
321.321 0.12211 0.07 -4.51 0
321.655 0.12284 0.10 -4.53 0
321.988 0.12357 0.14 -4.56 0
322.322 0.12431 0.17 -4.58 0
322.656 0.12504 0.21 -4.60 0
322.989 0.12577 0.25 -4.62 0
323.323 0.12651 0.28 -4.64 0
323.657 0.12724 0.32 -4.66 0
323.990 0.12797 0.36 -4.68 0
324.324 0.12870 0.39 -4.71 0
324.658 0.12944 0.43 -4.73 0
324.991 0.13017 0.47 -4.75 0
325.325 0.13090 0.50 -4.77 0
325.659 0.13164 0.54 -4.79 0
325.992 0.13237 0.57 -4.81 0
326.326 0.13310 0.61 -4.83 0
326.660 0.13383 0.65 -4.86 0
326.993 0.13457 0.68 -4.88 0
327.327 0.13530 0.72 -4.90 0
327.661 0.13603 0.76 -4.92 0
327.994 0.13677 0.79 -4.94 0
328.328 0.13750 0.83 -4.96 0
328.662 0.13823 0.86 -4.98 0
328.995 0.13896 0.90 -5.01 0
329.329 0.13970 0.94 -5.03 0
329.663 0.14043 0.97 -5.05 0
329.996 0.14116 1.01 -5.07 0
330.330 0.14190 1.05 -5.09 0
330.664 0.14263 1.08 -5.11 0
330.997 0.14336 1.12 -5.13 0
331.331 0.14410 1.15 -5.15 0
331.665 0.14483 1.19 -5.18 0
331.998 0.14556 1.23 -5.20 0
332.332 0.14629 1.26 -5.22 0
332.666 0.14703 1.30 -5.24 0
332.999 0.14776 1.34 -5.26 0
333.333 0.14849 1.37 -5.28 0
333.667 0.14923 1.41 -5.30 0
334.000 0.14996 1.45 -5.33 0
334.334 0.15069 1.48 -5.35 0
334.668 0.15142 1.52 -5.37 0
335.001 0.15216 1.55 -5.39 0
335.335 0.15289 1.59 -5.41 0
335.669 0.15362 1.63 -5.43 0
336.002 0.15436 1.66 -5.45 0
336.336 0.15509 1.70 -5.48 0
336.670 0.15582 1.74 -5.50 0
337.003 0.15655 1.77 -5.52 0
337.337 0.15729 1.81 -5.54 0
337.671 0.15802 1.84 -5.56 0
338.004 0.15875 1.88 -5.58 0
338.338 0.15949 1.92 -5.60 0
338.672 0.16022 1.95 -5.63 0
339.005 0.16095 1.99 -5.65 0
339.339 0.16168 2.03 -5.67 0
339.673 0.16242 2.06 -5.69 0
340.006 0.16315 2.10 -5.71 0
340.340 0.16388 2.14 -5.73 0
340.674 0.16462 2.17 -5.75 0
341.007 0.16535 2.21 -5.78 0
341.341 0.16608 2.24 -5.80 0
341.675 0.16681 2.28 -5.82 0
342.008 0.16755 2.32 -5.84 0
342.342 0.16828 2.35 -5.86 0
342.676 0.16901 2.39 -5.88 0
343.009 0.16975 2.43 -5.90 0
343.343 0.17048 2.46 -5.93 0
343.677 0.17121 2.50 -5.95 0
344.010 0.17194 2.53 -5.97 0
344.344 0.17268 2.57 -5.99 0
344.678 0.17341 2.61 -6.01 0
345.011 0.17414 2.64 -6.03 0
345.345 0.17488 2.68 -6.05 0
345.679 0.17561 2.72 -6.07 0
346.012 0.17634 2.75 -6.10 0
346.346 0.17707 2.79 -6.12 0
346.680 0.17781 2.82 -6.14 0
347.013 0.17854 2.86 -6.16 0
347.347 0.17927 2.90 -6.18 0
347.681 0.18001 2.93 -6.20 0
348.014 0.18074 2.97 -6.22 0
348.348 0.18147 3.01 -6.25 0
348.682 0.18220 3.04 -6.27 0
349.015 0.18294 3.08 -6.29 0
349.349 0.18367 3.12 -6.31 0
349.683 0.18440 3.15 -6.33 0
350.016 0.18514 3.19 -6.35 0
350.350 0.18587 3.22 -6.37 0
350.684 0.18660 3.26 -6.40 0
351.017 0.18733 3.30 -6.42 0
351.351 0.18807 3.33 -6.44 0
351.685 0.18880 3.37 -6.46 0
352.018 0.18953 3.41 -6.48 0
352.352 0.19027 3.44 -6.50 0
352.686 0.19100 3.48 -6.52 0
353.019 0.19173 3.51 -6.55 0
353.353 0.19246 3.55 -6.57 0
353.687 0.19320 3.59 -6.59 0
354.020 0.19393 3.62 -6.61 0
354.354 0.19466 3.66 -6.63 0
354.688 0.19540 3.70 -6.65 0
355.021 0.19613 3.73 -6.67 0
355.355 0.19686 3.77 -6.70 0
355.689 0.19759 3.80 -6.72 0
356.022 0.19833 3.84 -6.74 0
356.356 0.19906 3.88 -6.76 0
356.690 0.19979 3.91 -6.78 0
357.023 0.20053 3.95 -6.80 0
357.357 0.20126 3.99 -6.82 0
357.691 0.20199 4.02 -6.84 0
358.024 0.20272 4.06 -6.87 0
358.358 0.20346 4.10 -6.89 0
358.692 0.20419 4.13 -6.91 0
359.025 0.20492 4.17 -6.93 0
359.359 0.20566 4.20 -6.95 0
359.693 0.20639 4.24 -6.97 0
360.026 0.20712 4.28 -6.99 0
360.360 0.20785 4.31 -7.02 0
360.694 0.20859 4.35 -7.04 0
361.027 0.20932 4.39 -7.06 0
361.361 0.21005 4.42 -7.08 0
361.695 0.21079 4.46 -7.10 0
362.028 0.21152 4.49 -7.12 0
362.362 0.21225 4.53 -7.14 0
362.696 0.21298 4.57 -7.17 0
363.029 0.21372 4.60 -7.19 0
363.363 0.21445 4.64 -7.21 0
363.697 0.21518 4.68 -7.23 0
364.030 0.21592 4.71 -7.25 0
364.364 0.21665 4.75 -7.27 0
364.698 0.21738 4.78 -7.29 0
365.031 0.21811 4.82 -7.32 0
365.365 0.21885 4.86 -7.34 0
365.699 0.21958 4.89 -7.36 0
366.032 0.22031 4.93 -7.38 0
366.366 0.22105 4.97 -7.40 0
366.700 0.22178 5.00 -7.42 0
367.033 0.22251 5.04 -7.44 0
367.367 0.22324 5.08 -7.47 0
367.701 0.22398 5.11 -7.49 0
368.034 0.22471 5.15 -7.51 0
368.368 0.22544 5.18 -7.53 0
368.702 0.22618 5.22 -7.55 0
369.035 0.22691 5.26 -7.57 0
369.369 0.22764 5.29 -7.59 0
369.703 0.22838 5.33 -7.61 0
370.036 0.22911 5.37 -7.64 0
370.370 0.22984 5.40 -7.66 0
370.704 0.23057 5.44 -7.68 0
371.037 0.23131 5.47 -7.70 0
371.371 0.23204 5.51 -7.72 0
371.705 0.23277 5.55 -7.74 0
372.038 0.23351 5.58 -7.76 0
372.372 0.23424 5.62 -7.79 0
372.706 0.23497 5.66 -7.81 0
373.039 0.23570 5.69 -7.83 0
373.373 0.23644 5.73 -7.85 0
373.707 0.23717 5.77 -7.87 0
374.040 0.23790 5.80 -7.89 0
374.374 0.23864 5.84 -7.91 0
374.708 0.23937 5.87 -7.94 0
375.041 0.24010 5.91 -7.96 0
375.375 0.24083 5.95 -7.98 0
375.709 0.24157 5.98 -8.00 0
376.042 0.24230 6.02 -8.02 0
376.376 0.24303 6.06 -8.04 0
376.710 0.24377 6.09 -8.06 0
377.043 0.24450 6.13 -8.09 0
377.377 0.24523 6.16 -8.11 0
377.711 0.24596 6.20 -8.13 0
378.044 0.24670 6.24 -8.15 0
378.378 0.24743 6.27 -8.17 0
378.712 0.24816 6.31 -8.19 0
379.045 0.24890 6.35 -8.21 0
379.379 0.24963 6.38 -8.24 0
379.713 0.25036 6.42 -8.26 0
380.046 0.25109 6.45 -8.28 0
380.380 0.25183 6.49 -8.30 0
380.714 0.25256 6.53 -8.32 0
381.047 0.25329 6.56 -8.34 0
381.381 0.25403 6.60 -8.36 0
381.715 0.25476 6.64 -8.38 0
382.048 0.25549 6.67 -8.41 0
382.382 0.25622 6.71 -8.43 0
382.716 0.25696 6.75 -8.45 0
383.049 0.25769 6.78 -8.47 0
383.383 0.25842 6.82 -8.49 0
383.717 0.25916 6.85 -8.51 0
384.050 0.25989 6.89 -8.53 0
384.384 0.26062 6.93 -8.56 0
384.718 0.26135 6.96 -8.58 0
385.051 0.26209 7.00 -8.60 0
385.385 0.26282 7.04 -8.62 0
385.719 0.26355 7.07 -8.64 0
386.052 0.26429 7.11 -8.66 0
386.386 0.26502 7.14 -8.68 0
386.720 0.26575 7.18 -8.71 0
387.053 0.26648 7.22 -8.73 0
387.387 0.26722 7.25 -8.75 0
387.721 0.26795 7.29 -8.77 0
388.054 0.26868 7.33 -8.79 0
388.388 0.26942 7.36 -8.81 0
388.722 0.27015 7.40 -8.83 0
389.055 0.27088 7.43 -8.86 0
389.389 0.27161 7.47 -8.88 0
389.723 0.27235 7.51 -8.90 0
390.056 0.27308 7.54 -8.92 0
390.390 0.27381 7.58 -8.94 0
390.724 0.27455 7.62 -8.96 0
391.057 0.27528 7.65 -8.98 0
391.391 0.27601 7.69 -9.01 0
391.725 0.27674 7.73 -9.03 0
392.058 0.27748 7.76 -9.05 0
392.392 0.27821 7.80 -9.07 0
392.726 0.27894 7.83 -9.09 0
393.059 0.27968 7.87 -9.11 0
393.393 0.28041 7.91 -9.13 0
393.727 0.28114 7.94 -9.15 0
394.060 0.28187 7.98 -9.18 0
394.394 0.28261 8.02 -9.20 0
394.728 0.28334 8.05 -9.22 0
395.061 0.28407 8.09 -9.24 0
395.395 0.28481 8.12 -9.26 0
395.729 0.28554 8.16 -9.28 0
396.062 0.28627 8.20 -9.30 0
396.396 0.28700 8.23 -9.33 0
396.730 0.28774 8.27 -9.35 0
397.063 0.28847 8.31 -9.37 0
397.397 0.28920 8.34 -9.39 0
397.731 0.28994 8.38 -9.41 0
398.064 0.29067 8.41 -9.43 0
398.398 0.29140 8.45 -9.45 0
398.732 0.29213 8.49 -9.48 0
399.065 0.29287 8.52 -9.50 0
399.399 0.29360 8.56 -9.52 0
399.733 0.29433 8.60 -9.54 0
400.066 0.29507 8.63 -9.56 0
400.400 0.29580 8.67 -9.58 0
400.734 0.29653 8.71 -9.60 0
401.067 0.29726 8.74 -9.63 0
401.401 0.29800 8.78 -9.65 0
401.735 0.29873 8.81 -9.67 0
402.068 0.29946 8.85 -9.69 0
402.402 0.30020 8.89 -9.71 0
402.736 0.30093 8.92 -9.73 0
403.069 0.30166 8.96 -9.75 0
403.403 0.30239 9.00 -9.78 0
403.737 0.30313 9.03 -9.80 0
404.070 0.30386 9.07 -9.82 0
404.404 0.30459 9.10 -9.84 0
404.738 0.30533 9.14 -9.86 0
405.071 0.30606 9.18 -9.88 0
405.405 0.30679 9.21 -9.90 0
405.739 0.30753 9.25 -9.92 0
406.072 0.30826 9.29 -9.95 0
406.406 0.30899 9.32 -9.97 0
406.740 0.30972 9.36 -9.99 0
407.073 0.31046 9.40 -10.01 0
407.407 0.31119 9.43 -10.03 0
407.741 0.31192 9.47 -10.05 0
408.074 0.31265 9.50 -10.07 0
408.408 0.31339 9.54 -10.10 0
408.742 0.31412 9.58 -10.12 0
409.075 0.31485 9.61 -10.14 0
409.409 0.31559 9.65 -10.16 0
409.743 0.31632 9.69 -10.18 0
410.076 0.31705 9.72 -10.20 0
410.410 0.31779 9.76 -10.22 0
410.744 0.31852 9.79 -10.25 0
411.077 0.31925 9.83 -10.27 10
411.411 0.31998 9.87 -10.29 0
411.745 0.32072 9.90 -10.31 0
412.078 0.32145 9.94 -10.33 0
412.412 0.32218 9.98 -10.35 0
412.746 0.32292 10.01 -10.37 10
413.079 0.32365 10.05 -10.40 0
413.413 0.32438 10.08 -10.42 0
413.747 0.32511 10.12 -10.44 0
414.080 0.32585 10.16 -10.46 0
414.414 0.32658 10.19 -10.48 10
414.748 0.32731 10.23 -10.50 11
415.081 0.32805 10.27 -10.52 11
415.415 0.32878 10.30 -10.55 12
415.749 0.32951 10.34 -10.57 11
416.082 0.33024 10.38 -10.59 13
416.416 0.33098 10.41 -10.61 12
416.750 0.33171 10.45 -10.63 15
417.083 0.33244 10.48 -10.65 13
417.417 0.33318 10.52 -10.67 13
417.751 0.33391 10.56 -10.69 11
418.084 0.33464 10.59 -10.72 15
418.418 0.33537 10.63 -10.74 17
418.752 0.33611 10.67 -10.76 15
419.085 0.33684 10.70 -10.78 18
419.419 0.33757 10.74 -10.80 13
419.753 0.33831 10.77 -10.82 15
420.086 0.33904 10.81 -10.84 18
420.420 0.33977 10.85 -10.87 16
420.754 0.34050 10.88 -10.89 23
421.087 0.34124 10.92 -10.91 18
421.421 0.34197 10.96 -10.93 21
421.755 0.34270 10.99 -10.95 19
422.088 0.34344 11.03 -10.97 21
422.422 0.34417 11.06 -10.99 22
422.756 0.34490 11.10 -11.02 24
423.089 0.34563 11.14 -11.04 19
423.423 0.34637 11.17 -11.06 17
423.757 0.34710 11.21 -11.08 28
424.090 0.35100 11.31 -11.03 24
424.424 0.35490 11.41 -10.98 31
424.758 0.39054 11.85 -11.19 28
425.091 0.37662 11.41 -11.27 24
425.425 0.36270 10.97 -11.36 29
425.759 0.37458 11.65 -10.83 23
426.092 0.38646 12.34 -10.29 23
426.426 0.39834 13.02 -9.76 27
426.760 0.39641 12.05 -10.21 29
427.093 0.35689 11.81 -9.28 37
427.427 0.35089 12.50 -8.83 34
427.761 0.35303 11.66 -9.41 34
428.094 0.36040 12.24 -9.38 35
428.428 0.34745 12.15 -9.19 32
428.762 0.35567 12.12 -9.54 27
429.095 0.37883 11.88 -10.40 29
429.429 0.38191 11.11 -10.49 32
429.763 0.37738 12.67 -9.83 35
430.096 0.38250 11.62 -10.88 46
430.430 0.38154 12.44 -10.31 53
430.764 0.37694 12.54 -10.19 43
431.097 0.35269 11.82 -9.88 47
431.431 0.37281 12.05 -10.23 40
431.765 0.39965 12.76 -10.00 39
432.098 0.41775 12.55 -10.10 33
432.432 0.34038 12.87 -8.81 34
432.766 0.38098 11.86 -9.40 43
433.099 0.39133 11.48 -9.69 44
433.433 0.39812 13.59 -8.11 37
433.767 0.42510 12.99 -8.98 38
434.100 0.36603 12.22 -8.66 43
434.434 0.38195 12.14 -8.63 46
434.768 0.44482 12.78 -9.15 43
435.101 0.42921 13.14 -8.84 46
435.435 0.46113 14.17 -8.51 52
435.769 0.47978 14.31 -7.59 51
436.102 0.45940 12.88 -8.32 42
436.436 0.37814 12.77 -7.60 48
436.770 0.43370 13.53 -8.41 47
437.103 0.46503 14.14 -8.77 43
437.437 0.44006 12.41 -9.28 42
437.771 0.46917 12.53 -10.21 47
438.104 0.49911 14.68 -9.95 47
438.438 0.48500 14.59 -9.80 46
438.772 0.47088 14.49 -9.65 51
439.105 0.45677 14.40 -9.50 53
439.439 0.48212 14.26 -10.09 57
439.773 0.50905 14.86 -10.51 49
440.106 0.53598 15.46 -10.93 63
440.440 0.51856 14.98 -11.25 49
440.774 0.50114 14.51 -11.56 47
441.107 0.46649 14.22 -11.49 50
441.441 0.43183 13.92 -11.41 52
441.775 0.42946 12.98 -11.96 50
442.108 0.43928 15.21 -10.98 59
442.442 0.45385 15.79 -11.10 61
442.776 0.46843 16.36 -11.21 57
443.109 0.48300 16.94 -11.33 61
443.443 0.47852 16.71 -11.28 57
443.777 0.47404 16.48 -11.23 55
444.110 0.46956 16.25 -11.18 56
444.444 0.46507 16.01 -11.12 56
444.778 0.46059 15.78 -11.07 57
445.111 0.45611 15.55 -11.02 63
445.445 0.48811 16.04 -11.03 47
445.779 0.52011 16.53 -11.04 53
446.112 0.46523 16.07 -10.64 58
446.446 0.48894 16.88 -10.93 57
446.780 0.52118 14.85 -11.56 60
447.113 0.56234 18.35 -10.90 64
447.447 0.55149 16.55 -11.50 64
447.781 0.54065 14.75 -12.11 62
448.114 0.54752 15.23 -12.31 64
448.448 0.56549 14.87 -12.66 62
448.782 0.58346 14.50 -13.02 59
449.115 0.55188 14.00 -12.85 52
449.449 0.51394 16.15 -11.61 56
449.783 0.52039 15.77 -12.03 61
450.116 0.52684 15.39 -12.45 64
450.450 0.53329 15.01 -12.87 61
450.784 0.54809 16.70 -12.35 63
451.117 0.56188 16.90 -12.02 56
451.451 0.57568 17.11 -11.68 55
451.785 0.54848 15.31 -11.86 61
452.118 0.52232 14.80 -12.10 65
452.452 0.49615 14.29 -12.34 55
452.786 0.48887 16.63 -11.57 67
453.119 0.49967 15.40 -12.04 62
453.453 0.51047 14.16 -12.51 58
453.787 0.52871 14.74 -12.23 59
454.120 0.54694 15.32 -11.95 61
454.454 0.51585 16.86 -11.05 63
454.788 0.51904 15.11 -12.17 60
455.121 0.52059 15.52 -11.67 57
455.455 0.53661 16.32 -11.20 71
455.789 0.52408 15.31 -11.29 62
456.122 0.55065 17.67 -11.12 66
456.456 0.57722 20.03 -10.95 64
456.790 0.57372 20.52 -10.46 66
457.123 0.57022 21.01 -9.97 60
457.457 0.58515 18.63 -11.53 67
457.791 0.56563 20.63 -10.62 63
458.124 0.62125 21.72 -11.10 66
458.458 0.55546 19.45 -10.61 68
458.792 0.56444 21.24 -9.45 69
459.125 0.57342 23.02 -8.30 80
459.459 0.56801 22.45 -8.21 81
459.793 0.56259 21.87 -8.12 81
460.126 0.55718 21.30 -8.03 81
460.460 0.55176 20.72 -7.95 71
460.794 0.54635 20.15 -7.86 73
461.127 0.54093 19.57 -7.77 73
461.461 0.53552 19.00 -7.68 70
461.795 0.53392 19.42 -7.81 72
462.128 0.53231 19.83 -7.94 73
462.462 0.53071 20.25 -8.07 81
462.796 0.51952 18.97 -8.14 69
463.129 0.50834 17.69 -8.20 78
463.463 0.49520 18.04 -7.63 79
463.797 0.48206 18.39 -7.07 88
464.130 0.50238 19.40 -6.82 79
464.464 0.48901 19.07 -6.91 82
464.798 0.47564 18.75 -7.00 74
465.131 0.49815 18.49 -7.65 80
465.465 0.52066 18.23 -8.30 82
465.799 0.54317 17.97 -8.95 95
466.132 0.56568 17.71 -9.60 83
466.466 0.57878 18.22 -9.82 83
466.800 0.59187 18.73 -10.04 82
467.133 0.58591 17.71 -10.32 73
467.467 0.57994 16.69 -10.61 77
467.801 0.61296 17.78 -10.71 71
468.134 0.64597 18.87 -10.81 85
468.468 0.63517 18.09 -11.13 75
468.802 0.62438 17.32 -11.44 83
469.135 0.62755 17.75 -11.01 81
469.469 0.63072 18.19 -10.58 91
469.803 0.63389 18.62 -10.15 92
470.136 0.63706 19.05 -9.72 81
470.470 0.60340 20.86 -8.50 81
470.804 0.59735 19.14 -8.94 95
471.137 0.59130 17.42 -9.38 85
471.471 0.57544 17.76 -8.86 97
471.805 0.55957 18.09 -8.33 81
472.138 0.54611 17.78 -8.12 86
472.472 0.53264 17.46 -7.90 94
472.806 0.52710 17.51 -7.56 92
473.139 0.52156 17.56 -7.22 85
473.473 0.51913 17.22 -7.56 85
473.807 0.51671 16.88 -7.89 90
474.140 0.52502 20.96 -6.20 103
474.474 0.52780 19.46 -6.90 94
474.808 0.53059 17.96 -7.60 97
475.141 0.48416 16.42 -7.42 91
475.475 0.51895 17.42 -7.63 95
475.809 0.55374 18.42 -7.84 95
476.142 0.53440 16.09 -8.52 94
476.476 0.57722 17.11 -8.61 98
476.810 0.57846 16.92 -8.94 89
477.143 0.57970 16.73 -9.26 97
477.477 0.59803 16.85 -9.37 99
477.811 0.61636 16.96 -9.49 113
478.144 0.63469 17.08 -9.60 94
478.478 0.63550 16.82 -9.85 102
478.812 0.63630 16.57 -10.10 93
479.145 0.61860 15.45 -10.15 95
479.479 0.64626 16.46 -9.93 102
479.813 0.65630 17.72 -9.72 90
480.146 0.66635 18.97 -9.51 106
480.480 0.67639 20.23 -9.30 103
480.814 0.67593 19.21 -9.24 101
481.147 0.72718 20.63 -9.15 105
481.481 0.72305 20.19 -9.27 99
481.815 0.71891 19.75 -9.39 116
482.148 0.71478 19.32 -9.51 97
482.482 0.71064 18.88 -9.63 102
482.816 0.70651 18.44 -9.75 109
483.149 0.70750 17.27 -10.15 122
483.483 0.70329 16.77 -10.48 116
483.817 0.69784 17.30 -10.40 113
484.150 0.70813 15.17 -11.47 114
484.484 0.73722 16.47 -11.26 126
484.818 0.74333 16.02 -11.35 110
485.151 0.73822 14.10 -11.62 107
485.485 0.73310 12.17 -11.89 115
485.819 0.70444 13.00 -10.87 115
486.152 0.66851 11.60 -10.64 110
486.486 0.68120 12.46 -10.27 123
486.820 0.63671 11.04 -10.15 123
487.153 0.60987 11.29 -9.35 124
487.487 0.58302 11.55 -8.55 126
487.821 0.61464 10.82 -8.88 115
488.154 0.62483 12.15 -8.36 119
488.488 0.61066 10.12 -8.97 125
488.822 0.54992 10.50 -7.24 130
489.155 0.58338 11.22 -6.75 131
489.489 0.55367 10.28 -6.49 126
489.823 0.57211 10.41 -6.05 133
490.156 0.56278 10.42 -5.56 139
490.490 0.55344 10.42 -5.07 147
490.824 0.54411 10.43 -4.58 132
491.157 0.56419 10.11 -4.98 127
491.491 0.58427 9.79 -5.39 135
491.825 0.57495 9.54 -5.26 128
492.158 0.56563 9.30 -5.13 136
492.492 0.57592 8.90 -5.00 141
492.826 0.56051 9.61 -3.84 136
493.159 0.56910 8.36 -4.41 136
493.493 0.56089 10.79 -2.87 146
493.827 0.54811 10.46 -2.82 147
494.160 0.54272 9.24 -3.39 132
494.494 0.52275 9.81 -2.92 148
494.828 0.51727 9.44 -3.08 142
495.161 0.51355 8.57 -3.55 137
495.495 0.50270 7.88 -4.07 139
495.829 0.46617 9.55 -2.87 146
496.162 0.45505 6.66 -4.08 133
496.496 0.47038 8.75 -3.43 147
496.830 0.47480 9.40 -3.57 151
497.163 0.49139 8.96 -4.06 126
497.497 0.50799 8.51 -4.56 137
497.831 0.50166 9.14 -4.77 152
498.164 0.47654 8.88 -4.56 139
498.498 0.45480 7.66 -4.05 143
498.832 0.40718 9.05 -2.12 138
499.165 0.38159 9.30 -1.60 150
499.499 0.37702 8.67 -2.05 141
499.833 0.37238 8.27 -1.75 146
500.166 0.35285 7.65 -1.08 133
500.500 0.33462 8.19 -0.89 135
500.834 0.32122 8.36 -0.47 136
501.167 0.29918 8.58 0.18 133
501.501 0.29989 8.84 0.24 148
501.835 0.30061 9.11 0.31 139
502.168 0.32080 9.27 -0.03 127
502.502 0.34100 9.43 -0.38 151
502.836 0.36720 8.09 -1.60 156
503.169 0.37112 9.20 -1.23 143
503.503 0.39275 9.36 -1.73 155
503.837 0.41541 7.49 -3.10 141
504.170 0.41684 8.84 -2.60 153
504.504 0.43413 9.84 -2.36 150
504.838 0.44702 9.62 -2.75 146
505.171 0.45871 8.43 -3.86 157
505.505 0.44478 9.46 -3.50 136
505.839 0.43085 10.48 -3.13 145
506.172 0.44642 10.16 -3.53 155
506.506 0.44463 9.78 -3.82 153
506.840 0.40794 7.53 -4.83 133
507.173 0.39566 7.87 -4.56 128
507.507 0.38338 8.21 -4.28 147
507.841 0.37111 8.56 -4.00 147
508.174 0.35883 8.90 -3.73 148
508.508 0.37781 7.85 -3.63 154
508.842 0.35037 7.18 -3.73 146
509.175 0.34845 7.64 -3.29 148
509.509 0.33192 6.81 -3.50 143
509.843 0.35314 6.64 -3.88 145
510.176 0.35839 7.69 -3.28 153
510.510 0.35973 7.55 -3.14 141
510.844 0.36120 7.77 -2.59 155
511.177 0.36268 7.99 -2.05 154
511.511 0.36415 8.21 -1.50 157
511.845 0.36911 6.97 -2.46 146
512.178 0.36702 8.64 -1.54 154
512.512 0.39830 8.00 -2.46 150
512.846 0.40840 7.89 -2.94 149
513.179 0.41849 7.79 -3.42 143
513.513 0.40089 8.96 -2.96 152
513.847 0.42527 7.67 -3.58 153
514.180 0.43635 9.23 -2.52 163
514.514 0.46780 8.78 -2.93 150
514.848 0.46597 7.98 -3.17 151
515.181 0.44537 7.33 -3.46 135
515.515 0.42476 6.68 -3.75 152
515.849 0.44389 8.75 -3.16 164
516.182 0.41165 8.64 -2.73 146
516.516 0.37941 8.53 -2.29 168
516.850 0.38523 9.03 -1.89 154
517.183 0.36665 9.55 -1.18 165
517.517 0.35796 9.24 -1.15 147
517.851 0.34927 8.94 -1.13 152
518.184 0.35842 8.48 -1.63 166
518.518 0.37403 8.05 -1.88 157
518.852 0.39218 7.82 -2.52 156
519.185 0.36970 6.99 -2.85 162
519.519 0.37847 8.11 -2.89 151
519.853 0.40871 8.21 -3.21 158
520.186 0.40771 7.96 -3.06 165
520.520 0.42948 8.28 -3.40 158
520.854 0.41422 6.06 -4.01 145
521.187 0.42779 6.47 -4.14 150
521.521 0.44923 6.79 -4.44 149
521.855 0.42964 6.73 -4.21 148
522.188 0.41005 6.67 -3.98 143
522.522 0.44088 7.69 -4.14 146
522.856 0.45960 7.52 -4.25 156
523.189 0.46565 8.47 -3.45 161
523.523 0.47537 9.66 -2.41 162
523.857 0.48863 7.91 -3.13 155
524.190 0.45739 9.75 -1.30 151
524.524 0.46272 9.76 -1.13 155
524.858 0.46804 9.76 -0.95 145
525.191 0.47336 9.76 -0.78 141
525.525 0.47869 9.77 -0.61 152
525.859 0.50553 8.43 -1.94 151
526.192 0.51165 10.25 -1.53 151
526.526 0.49423 9.40 -2.07 155
526.860 0.47016 8.45 -2.10 152
527.193 0.44610 7.50 -2.12 139
527.527 0.46470 10.44 -1.43 168
527.861 0.42897 7.71 -2.35 143
528.194 0.44372 8.18 -2.21 134
528.528 0.45848 8.66 -2.07 166
528.862 0.47323 9.14 -1.94 149
529.195 0.48798 9.61 -1.80 148
529.529 0.51438 8.44 -3.10 161
529.863 0.51092 8.48 -3.48 154
530.196 0.53112 9.14 -3.65 138
530.530 0.55132 9.80 -3.82 154
530.864 0.52486 6.94 -4.91 156
531.197 0.52996 7.37 -5.02 142
531.531 0.53505 7.80 -5.13 134
531.865 0.54015 8.23 -5.24 147
532.198 0.54524 8.66 -5.35 163
532.532 0.55034 9.09 -5.46 161
532.866 0.53694 10.81 -4.82 152
533.199 0.52355 12.53 -4.18 152
533.533 0.53609 12.31 -4.98 159
533.867 0.55013 12.43 -4.97 141
534.200 0.56416 12.54 -4.97 156
534.534 0.53848 11.13 -5.23 157
534.868 0.50319 11.09 -4.63 155
535.201 0.46791 11.06 -4.04 158
535.535 0.47231 11.19 -4.35 144
535.869 0.47671 11.32 -4.65 154
536.202 0.49158 10.83 -4.95 155
536.536 0.50645 10.34 -5.26 132
536.870 0.52132 9.85 -5.56 154
537.203 0.55264 11.56 -5.56 157
537.537 0.52285 10.08 -6.03 157
537.871 0.57534 11.07 -6.83 162
538.204 0.55134 10.02 -6.89 144
538.538 0.54798 9.81 -6.91 152
538.872 0.56460 9.55 -7.64 146
539.205 0.56548 9.55 -7.67 155
539.539 0.58591 9.96 -7.48 137
539.873 0.60633 10.37 -7.29 133
540.206 0.62985 10.67 -7.11 150
540.540 0.58894 10.55 -6.73 144
540.874 0.59015 9.16 -7.48 144
541.207 0.58183 10.04 -6.90 145
541.541 0.55599 9.67 -7.00 152
541.875 0.53364 9.85 -6.60 153
542.208 0.53521 10.17 -6.51 161
542.542 0.58280 12.60 -6.39 156
542.876 0.57277 11.99 -6.79 144
543.209 0.56273 11.37 -7.19 148
543.543 0.55270 10.76 -7.59 146
543.877 0.55449 10.81 -7.76 141
544.210 0.55627 10.86 -7.93 148
544.544 0.57862 10.90 -8.42 153
544.878 0.55863 10.90 -8.07 157
545.211 0.53864 10.90 -7.72 148
545.545 0.56780 12.11 -8.01 152
545.879 0.55779 10.83 -8.64 145
546.212 0.58598 11.76 -7.84 151
546.546 0.56790 10.85 -7.56 144
546.880 0.55531 10.89 -7.65 134
547.213 0.53199 10.88 -6.66 135
547.547 0.50866 10.87 -5.67 144
547.881 0.47605 10.96 -4.80 144
548.214 0.44346 11.06 -3.94 142
548.548 0.41085 11.15 -3.07 146
548.882 0.42741 10.25 -3.86 141
549.215 0.42060 10.89 -3.11 132
549.549 0.41379 11.53 -2.36 140
549.883 0.40697 12.16 -1.60 145
550.216 0.40016 12.80 -0.85 147
550.550 0.39335 13.44 -0.10 156
550.884 0.35083 11.48 -0.30 142
551.217 0.30832 9.53 -0.50 149
551.551 0.32588 10.07 -0.49 147
551.885 0.34343 10.61 -0.49 149
552.218 0.35358 10.39 -0.96 143
552.552 0.36593 11.14 -0.42 140
552.886 0.32881 9.49 -0.44 144
553.219 0.32967 9.99 -0.20 142
553.553 0.32557 9.96 -0.28 140
553.887 0.30463 9.52 -0.33 153
554.220 0.28371 9.09 -0.37 145
554.554 0.26277 8.65 -0.42 144
554.888 0.29073 9.36 -0.73 143
555.221 0.30494 9.74 -1.08 147
555.555 0.27999 8.35 -1.72 129
555.889 0.29293 10.01 -1.60 133
556.222 0.25766 8.85 -1.77 133
556.556 0.24775 9.35 -1.39 137
556.890 0.23783 9.84 -1.01 148
557.223 0.22792 10.33 -0.64 128
557.557 0.21801 10.83 -0.26 149
557.891 0.21559 10.68 -0.36 141
558.224 0.20346 10.44 -0.42 133
558.558 0.19133 10.21 -0.48 134
558.892 0.17920 9.97 -0.54 149
559.225 0.19257 10.55 -0.72 154
559.559 0.18549 10.27 -0.74 131
559.893 0.17842 9.98 -0.76 147
560.226 0.19978 10.50 -0.82 150
560.560 0.21237 10.87 -0.87 142
560.894 0.23005 10.42 -0.97 141
561.227 0.22493 10.65 -0.46 143
561.561 0.21980 10.88 0.05 154
561.895 0.24094 10.96 -0.05 142
562.228 0.24278 10.16 -0.54 146
562.562 0.24507 9.57 -0.57 149
562.896 0.24167 10.81 -0.19 155
563.229 0.25478 10.91 -0.45 146
563.563 0.30246 11.63 -1.19 153
563.897 0.25892 10.35 -1.25 139
564.230 0.26897 11.08 -1.01 138
564.564 0.27902 11.81 -0.76 145
564.898 0.24847 10.07 -1.10 142
565.231 0.27338 11.68 -1.14 142
565.565 0.26422 10.65 -0.94 146
565.899 0.31126 11.09 -1.87 143
566.232 0.29203 10.69 -2.00 149
566.566 0.27279 10.28 -2.13 152
566.900 0.31934 10.97 -2.83 136
567.233 0.30889 10.27 -3.14 141
567.567 0.30627 10.47 -3.38 151
567.901 0.30710 11.60 -3.45 149
568.234 0.32038 12.24 -3.07 152
568.568 0.28437 10.31 -3.73 135
568.902 0.28947 10.04 -4.08 139
569.235 0.23176 9.81 -3.39 136
569.569 0.25651 11.60 -3.42 145
569.903 0.23880 11.78 -2.87 150
570.236 0.23976 12.04 -2.22 158
570.570 0.21080 11.18 -1.36 145
570.904 0.23686 12.19 -0.96 151
571.237 0.20238 10.78 -0.65 142
571.571 0.22115 11.27 -0.69 143
571.905 0.21608 10.16 -1.26 135
572.238 0.19484 10.13 -1.06 139
572.572 0.18099 9.95 -0.97 135
572.906 0.19202 10.98 -0.77 139
573.239 0.21367 11.26 -1.20 148
573.573 0.17346 9.75 -1.52 145
573.907 0.19255 11.06 -1.25 155
574.240 0.21924 12.77 -1.16 143
574.574 0.18528 10.93 -1.52 139
574.908 0.20918 11.82 -1.44 148
575.241 0.20195 12.62 -1.25 150
575.575 0.21053 11.91 -1.98 142
575.909 0.17744 11.16 -1.56 154
576.242 0.18200 10.41 -2.05 137
576.576 0.16733 10.78 -1.36 146
576.910 0.15266 11.15 -0.68 145
577.243 0.15970 11.11 -0.88 141
577.577 0.19080 12.96 -0.08 158
577.911 0.17196 11.78 -0.46 151
578.244 0.13886 10.85 -0.69 147
578.578 0.14432 10.63 -1.11 140
578.912 0.16441 11.79 -0.26 153
579.245 0.20211 12.89 -0.45 138
579.579 0.17946 11.59 -0.91 128
579.913 0.15680 10.28 -1.37 133
580.246 0.14516 9.93 -1.50 137
580.580 0.17394 11.47 -1.50 148
580.914 0.16046 11.10 -1.47 142
581.247 0.17628 11.13 -1.69 145
581.581 0.18970 10.22 -2.32 127
581.915 0.22819 12.30 -1.72 142
582.248 0.26587 12.87 -2.04 154
582.582 0.28478 13.47 -1.83 141
582.916 0.26633 13.06 -2.09 153
583.249 0.24187 11.75 -1.98 137
583.583 0.26012 12.94 -1.79 138
583.917 0.28018 12.73 -1.79 141
584.250 0.27506 11.21 -2.47 149
584.584 0.28376 12.55 -2.28 138
584.918 0.29247 13.89 -2.08 142
585.251 0.25890 12.20 -2.22 141
585.585 0.27996 13.28 -2.54 141
585.919 0.29577 15.14 -2.34 145
586.252 0.30115 14.91 -2.47 120
586.586 0.30654 14.67 -2.60 115
586.920 0.31193 14.44 -2.73 144
587.253 0.31731 14.21 -2.86 139
587.587 0.30728 13.36 -3.33 141
587.921 0.32605 13.77 -3.64 122
588.254 0.34482 14.18 -3.95 149
588.588 0.33568 13.38 -4.38 139
588.922 0.32654 12.58 -4.82 127
589.255 0.38259 15.40 -4.52 136
589.589 0.33958 13.33 -4.84 130
589.923 0.33533 13.90 -4.41 145
590.256 0.33109 14.46 -3.98 141
590.590 0.35951 13.11 -4.73 136
590.924 0.42356 14.07 -5.16 126
591.257 0.34148 12.74 -4.02 126
591.591 0.43273 15.69 -3.97 127
591.925 0.39721 14.62 -4.14 134
592.258 0.40886 15.26 -4.18 120
592.592 0.42051 15.91 -4.23 132
592.926 0.42177 14.93 -4.91 130
593.259 0.42303 13.96 -5.58 126
593.593 0.42279 14.07 -5.58 131
593.927 0.42255 14.19 -5.59 125
594.260 0.41297 14.01 -5.60 131
594.594 0.40338 13.83 -5.61 138
594.928 0.39379 13.66 -5.62 131
595.261 0.38421 13.48 -5.63 131
595.595 0.37462 13.30 -5.64 143
595.929 0.41800 13.84 -6.46 119
596.262 0.43670 14.49 -6.68 135
596.596 0.40079 13.25 -6.62 131
596.930 0.43022 14.13 -6.78 122
597.263 0.45965 15.00 -6.94 144
597.597 0.48909 15.88 -7.11 127
597.931 0.51852 16.76 -7.27 127
598.264 0.51018 17.13 -7.39 127
598.598 0.50185 17.51 -7.50 139
598.932 0.49351 17.88 -7.62 142
599.265 0.43950 17.16 -7.24 141
599.599 0.41597 15.94 -6.94 140
599.933 0.39248 15.43 -6.75 123
600.266 0.36899 14.92 -6.56 132
600.600 0.35094 15.45 -6.03 121
600.934 0.41704 15.87 -7.10 133
601.267 0.41292 17.11 -6.55 138
601.601 0.39961 14.62 -7.42 120
601.935 0.41806 16.48 -6.99 139
602.268 0.43650 18.34 -6.57 145
602.602 0.39401 16.32 -6.69 123
602.936 0.41656 17.47 -6.88 138
603.269 0.43749 17.73 -7.18 134
603.603 0.45842 18.00 -7.49 147
603.937 0.42405 17.31 -7.58 139
604.270 0.41817 15.92 -8.21 143
604.604 0.40525 14.20 -8.43 125
604.938 0.46387 16.41 -8.45 130
605.271 0.40096 14.55 -8.49 139
605.605 0.43975 16.47 -8.00 137
605.939 0.33425 14.53 -6.79 140
606.272 0.35368 15.74 -6.82 138
606.606 0.39567 17.43 -6.57 129
606.940 0.40238 16.22 -7.25 142
607.273 0.44891 17.87 -7.60 143
607.607 0.40814 16.66 -7.47 116
607.941 0.40815 16.71 -7.78 143
608.274 0.41181 15.49 -8.27 140
608.608 0.42414 15.98 -8.19 118
608.942 0.43647 16.48 -8.11 135
609.275 0.44206 16.59 -8.18 123
609.609 0.44766 16.70 -8.25 150
609.943 0.45325 16.81 -8.31 131
610.276 0.45884 16.92 -8.38 137
610.610 0.45329 16.64 -8.73 139
610.944 0.43106 16.17 -8.81 135
611.277 0.45920 16.99 -8.61 144
611.611 0.45157 17.68 -8.52 137
611.945 0.43640 17.61 -8.03 144
612.278 0.45735 16.70 -8.41 127
612.612 0.34495 15.18 -6.49 135
612.946 0.38105 14.94 -6.71 126
613.279 0.36980 15.42 -6.24 137
613.613 0.35855 15.90 -5.76 126
613.947 0.34730 16.38 -5.28 141
614.280 0.33605 16.86 -4.81 142
614.614 0.30219 16.27 -4.45 133
614.948 0.31543 16.70 -4.57 132
615.281 0.30753 16.45 -4.68 127
615.615 0.29963 16.20 -4.79 134
615.949 0.24507 14.81 -4.97 137
616.282 0.24111 14.83 -5.09 140
616.616 0.23715 14.85 -5.21 130
616.950 0.23318 14.88 -5.33 127
617.283 0.22922 14.90 -5.45 132
617.617 0.21353 16.13 -4.56 141
617.951 0.19955 12.85 -5.48 120
618.284 0.20852 14.63 -4.73 125
618.618 0.18754 14.96 -4.01 132
618.952 0.18064 14.67 -4.08 134
619.285 0.17373 14.39 -4.16 112
619.619 0.16683 14.10 -4.23 126
619.953 0.16823 15.06 -3.65 132
620.286 0.18717 16.04 -3.49 139
620.620 0.21439 16.09 -3.71 134
620.954 0.18572 15.06 -3.92 138
621.287 0.21652 16.11 -4.40 122
621.621 0.20507 17.23 -3.35 128
621.955 0.24499 17.82 -3.84 148
622.288 0.28489 18.41 -4.33 139
622.622 0.22785 16.86 -4.32 136
622.956 0.22988 15.34 -5.11 128
623.289 0.22535 16.04 -4.65 116
623.623 0.22081 16.75 -4.19 133
623.957 0.19995 15.98 -4.09 136
624.290 0.17910 15.22 -3.99 138
624.624 0.19426 15.84 -3.10 147
624.958 0.22976 18.32 -1.95 129
625.291 0.19928 15.16 -2.36 138
625.625 0.21668 16.71 -1.87 143
625.959 0.21009 17.20 -1.93 135
626.292 0.19632 15.39 -2.25 140
626.626 0.17934 14.95 -2.04 129
626.960 0.28951 18.09 -2.11 138
627.293 0.27852 17.68 -2.01 135
627.627 0.26753 17.27 -1.91 137
627.961 0.25654 16.86 -1.81 141
628.294 0.28480 18.09 -1.96 147
628.628 0.30897 18.54 -2.14 147
628.962 0.28265 17.29 -2.24 124
629.295 0.25634 16.04 -2.33 136
629.629 0.25610 16.96 -1.91 129
629.963 0.25586 17.88 -1.49 135
630.296 0.29096 18.57 -1.83 133
630.630 0.29366 17.98 -2.38 124
630.964 0.27583 17.45 -2.35 108
631.297 0.25801 16.92 -2.32 121
631.631 0.24018 16.39 -2.29 130
631.965 0.25472 16.65 -2.56 117
632.298 0.26926 16.90 -2.82 131
632.632 0.32857 17.79 -3.00 124
632.966 0.33054 18.57 -2.91 125
633.299 0.32015 17.53 -3.37 134
633.633 0.32163 17.41 -3.36 123
633.967 0.33936 17.46 -3.68 117
634.300 0.35709 17.51 -4.00 119
634.634 0.37482 17.56 -4.32 128
634.968 0.38488 18.54 -3.92 135
635.301 0.38031 18.08 -4.00 127
635.635 0.37573 17.61 -4.08 124
635.969 0.43106 19.19 -4.21 136
636.302 0.43427 19.52 -4.19 122
636.636 0.36377 18.30 -3.36 133
636.970 0.44316 18.22 -4.39 120
637.303 0.42227 18.82 -3.85 130
637.637 0.40137 19.42 -3.30 115
637.971 0.40036 18.82 -4.03 130
638.304 0.41663 18.58 -4.36 131
638.638 0.43408 18.89 -4.74 103
638.972 0.45154 19.21 -5.11 133
639.305 0.46899 19.52 -5.48 104
639.639 0.48644 19.83 -5.86 117
639.973 0.39103 17.57 -5.71 123
640.306 0.43375 18.17 -6.20 105
640.640 0.47649 18.77 -6.70 121
640.974 0.46289 19.08 -6.69 132
641.307 0.49420 18.45 -7.78 122
641.641 0.51169 18.27 -8.31 117
641.975 0.52919 18.08 -8.84 121
642.308 0.49270 19.53 -7.93 127
642.642 0.50017 19.67 -8.34 99
642.976 0.50765 19.80 -8.74 115
643.309 0.51512 19.94 -9.15 120
643.643 0.52260 20.07 -9.55 111
643.977 0.53007 20.21 -9.96 134
644.310 0.55699 20.76 -10.04 123
644.644 0.53733 21.90 -9.25 124
644.978 0.55638 20.62 -10.45 110
645.311 0.57543 19.34 -11.65 130
645.645 0.62994 20.60 -12.38 119
645.979 0.65850 22.29 -12.32 113
646.312 0.68705 23.97 -12.26 123
