0.0000 0.06020 -1.25 -4.63 210
0.3337 0.05705 -1.10 -4.78 207
0.6673 0.04812 -1.23 -4.67 213
1.0010 0.07530 -1.28 -4.85 218
1.3347 0.08266 -1.11 -4.32 200
1.6683 0.07779 -0.84 -4.18 206
2.0020 0.07777 -0.51 -4.44 207
2.3357 0.09406 -0.09 -4.73 216
2.6693 0.10778 -0.08 -2.96 207
3.0030 0.09975 0.03 -1.94 211
3.3367 0.08017 0.15 -1.96 206
3.6703 0.06229 0.30 -1.99 218
4.0040 0.04195 0.26 -2.01 221
4.3377 0.02283 0.23 -1.92 227
4.6713 0.01116 0.05 -1.09 222
5.0050 0.00000 0.00 0.00 312
5.3387 0.01760 -0.06 -0.43 229
5.6723 -0.00195 -0.12 0.32 214
6.0060 -0.00713 -0.19 1.49 208
6.3397 -0.00949 -0.12 1.86 219
6.6733 -0.00401 -0.13 2.26 204
7.0070 -0.02289 -0.19 2.71 209
7.3407 -0.02307 -0.26 3.38 205
7.6743 -0.03088 -0.37 3.66 218
8.0080 -0.04946 -0.45 3.87 211
8.3417 -0.04290 -0.54 4.16 201
8.6753 -0.07295 -0.90 4.55 218
9.0090 -0.08201 -1.24 4.46 221
9.3427 -0.05707 -1.31 3.87 214
9.6763 -0.05346 -1.23 3.67 207
10.0100 -0.03046 -1.30 4.69 204
10.3437 -0.02384 -1.29 4.42 201
10.6773 -0.00997 -1.17 4.01 219
11.0110 0.00421 -0.97 3.66 221
11.3447 0.02216 -1.07 3.60 214
11.6783 0.02478 -0.89 3.25 215
12.0120 0.03199 -0.81 2.92 211
12.3457 0.04234 -0.68 3.08 210
12.6793 0.02617 -0.67 2.99 208
13.0130 -0.00205 -0.76 2.95 221
13.3467 -0.00692 -0.76 3.12 216
13.6803 0.00745 -0.75 3.70 221
14.0140 0.02227 -0.65 3.53 212
14.3477 0.03477 -0.68 3.91 206
14.6813 0.05358 -0.96 4.12 213
15.0150 0.06667 -1.16 3.96 209
15.3487 0.07761 -0.79 3.53 199
15.6823 0.07555 -0.45 3.60 209
16.0160 0.07890 -0.59 4.02 204
16.3497 0.07139 -0.88 5.36 209
16.6833 0.07978 -0.74 5.85 188
17.0170 0.06621 -1.06 6.05 195
17.3507 0.07397 -0.86 5.48 195
17.6843 0.06095 -0.92 5.51 202
18.0180 0.08073 -0.80 5.80 195
18.3517 0.08689 -1.13 6.45 215
18.6853 0.10093 -1.02 6.07 202
19.0190 0.10608 -1.18 5.06 201
19.3527 0.10050 -1.26 4.75 204
19.6863 0.12183 -1.36 4.22 200
20.0200 0.09251 -1.51 4.24 205
20.3537 0.10531 -1.57 4.59 204
20.6873 0.12172 -1.52 4.20 196
21.0210 0.11806 -1.83 3.89 194
21.3547 0.08500 -3.48 3.81 196
21.6883 0.09165 -4.67 2.09 183
22.0220 0.12925 -3.97 -0.71 159
22.3557 0.15917 -4.02 -7.18 176
22.6893 0.18073 -4.08 -8.10 173
23.0230 0.16298 -6.48 -6.10 166
23.3567 0.14596 -6.05 -4.14 167
23.6903 0.12143 -7.02 -4.32 184
24.0240 0.10443 -6.29 -12.99 171
24.3577 0.13601 -5.30 -20.21 173
24.6913 0.10423 -5.93 -14.44 172
25.0250 0.11614 -5.84 -11.80 189
25.3587 0.12092 -5.64 -10.76 182
25.6923 0.01892 -9.50 -10.68 190
26.0260 0.07824 -7.32 -11.16 185
26.3597 0.05290 -5.98 -14.82 174
26.6933 0.26468 1.47 -21.51 165
27.0270 0.10977 -3.50 -24.59 156
27.3607 0.04570 -6.18 -23.81 147
27.6943 0.36614 -0.16 -25.68 167
28.0280 0.41129 0.05 -23.53 149
28.3617 0.31828 -2.13 -19.53 172
28.6953 0.30685 -3.29 -16.75 173
29.0290 0.28286 -4.32 -13.56 177
29.3627 0.24107 -4.94 -11.78 179
29.6963 0.23551 -5.12 -11.21 180
30.0300 0.23246 -4.50 -11.13 172
30.3637 0.18160 -5.82 -11.52 195
30.6973 0.22279 -2.90 -13.02 192
31.0310 0.27400 0.36 -16.40 173
31.3647 0.32197 0.12 -19.97 153
31.6983 0.38378 0.62 -21.93 159
32.0320 0.38243 2.22 -21.75 146
32.3657 0.37134 1.19 -21.63 138
32.6993 0.39189 -1.07 -21.58 148
33.0330 0.40909 -1.50 -20.46 170
33.3667 0.34259 -2.47 -18.51 151
33.7003 0.26932 -3.87 -16.70 193
34.0340 0.23850 -3.67 -13.53 169
34.3677 0.24280 -4.56 -11.93 196
34.7013 0.24240 -4.74 -12.65 191
35.0350 0.25575 -3.96 -12.22 184
35.3687 0.23468 -5.13 -11.39 190
35.7023 0.25325 -4.24 -9.50 190
36.0360 0.25221 -5.76 -9.30 203
36.3697 0.23904 -4.57 -8.35 192
36.7033 0.21702 -6.06 -7.81 195
37.0370 0.20037 -3.85 -5.86 182
37.3707 0.21214 -6.42 -6.30 219
37.7043 0.20698 -4.84 -3.96 180
38.0380 0.16659 -7.31 -3.73 185
38.3717 0.16841 -7.00 -3.62 206
38.7053 0.17584 -3.68 -2.34 181
39.0390 0.20270 -4.49 -3.29 182
39.3727 0.14506 -6.97 -4.09 206
39.7063 0.14977 -7.18 -4.26 208
40.0400 0.13562 -7.14 -4.49 188
40.3737 0.13336 -4.54 -3.53 174
40.7073 0.15831 -7.10 -5.02 204
41.0410 0.13300 -4.95 -3.14 180
41.3747 0.14260 -7.50 -5.18 205
41.7083 0.14471 -5.84 -4.07 188
42.0420 0.14428 -6.13 -3.86 179
42.3757 0.14291 -7.87 -4.09 193
42.7093 0.13277 -8.00 -3.57 189
43.0430 0.13456 -6.65 -3.04 184
43.3767 0.10119 -5.65 -1.83 175
43.7103 0.11278 -8.99 -3.64 199
44.0440 0.08616 -6.24 -2.25 167
44.3777 0.11400 -8.93 -3.13 187
44.7113 0.07764 -5.88 -0.54 179
45.0450 0.08503 -5.52 -0.61 173
45.3787 0.08462 -5.56 -0.16 186
45.7123 0.09683 -7.09 -1.12 174
46.0460 0.09517 -7.03 -0.99 177
46.3797 0.05388 -6.13 0.53 173
46.7133 0.06726 -6.52 1.00 158
47.0470 0.06782 -9.58 0.41 202
47.3807 0.07395 -6.55 1.93 177
47.7143 0.07153 -5.95 2.44 176
48.0480 0.08526 -9.67 0.31 203
48.3817 0.11367 -7.20 1.07 183
48.7153 0.10471 -9.99 -0.09 189
49.0490 0.09388 -5.77 1.47 177
49.3827 0.07964 -6.06 1.59 175
49.7163 0.08612 -6.83 0.93 180
50.0500 0.05595 -6.08 1.47 180
50.3837 0.03526 -5.81 1.39 172
50.7173 0.02070 -10.23 -1.05 199
51.0510 0.05344 -8.09 0.01 179
51.3847 0.01851 -6.86 0.41 172
51.7183 0.04362 -7.21 0.29 185
52.0520 0.02870 -9.53 0.01 184
52.3857 0.01760 -6.79 2.14 177
52.7193 0.00048 -7.53 2.45 183
53.0530 -0.05686 -6.17 4.08 172
53.3867 -0.06327 -7.31 3.70 173
53.7203 -0.08220 -6.44 4.24 175
54.0540 -0.06129 -10.86 2.25 171
54.3877 -0.05041 -7.40 3.27 175
54.7213 -0.05182 -6.83 3.01 167
55.0550 -0.03438 -9.74 1.01 177
55.3887 -0.01998 -9.37 0.83 180
55.7223 -0.04859 -11.08 0.88 175
56.0560 -0.04366 -6.69 3.01 159
56.3897 -0.07945 -6.81 3.86 177
56.7233 -0.06554 -10.71 2.50 183
57.0570 -0.04396 -7.33 3.31 171
57.3907 -0.05938 -6.68 3.86 163
57.7243 -0.08344 -6.27 4.23 169
58.0580 -0.06740 -6.05 3.90 169
58.3917 -0.03799 -6.82 2.97 165
58.7253 -0.02027 -6.66 3.37 168
59.0590 -0.03693 -6.43 3.95 149
59.3927 -0.01135 -10.63 1.21 186
59.7263 -0.00554 -7.05 2.77 175
60.0600 -0.01412 -6.94 2.97 174
60.3937 -0.02127 -7.24 3.35 161
60.7273 -0.01456 -11.24 0.81 185
61.0610 -0.01892 -6.38 3.18 156
61.3947 -0.00344 -7.35 2.72 175
61.7283 -0.02287 -6.72 4.78 173
62.0620 -0.01232 -7.31 4.07 157
62.3957 -0.01361 -12.89 1.65 171
62.7293 -0.02864 -7.18 3.79 176
63.0630 -0.00577 -12.79 0.32 175
63.3967 0.01253 -8.12 2.71 180
63.7303 0.02664 -8.74 2.25 179
64.0640 -0.01124 -9.58 2.51 161
64.3977 -0.06467 -14.17 1.68 170
64.7313 -0.06882 -7.77 4.23 165
65.0650 -0.03785 -12.70 1.78 174
65.3987 -0.02325 -12.25 1.44 198
65.7323 -0.04092 -7.28 3.55 173
66.0660 -0.01365 -11.97 0.70 172
66.3997 -0.00805 -10.40 0.91 191
66.7333 -0.01063 -11.87 0.06 174
67.0670 -0.06041 -7.57 1.52 173
67.4007 -0.02311 -12.35 -1.17 181
67.7343 -0.04414 -7.93 2.26 176
68.0680 -0.08674 -7.86 3.15 163
68.4017 -0.07717 -13.35 -0.27 175
68.7353 -0.05571 -9.51 1.09 177
69.0690 -0.05689 -11.55 -0.41 181
69.4027 -0.06036 -12.69 -0.46 177
69.7363 -0.04026 -7.26 2.02 177
70.0700 -0.04123 -7.82 2.56 174
70.4037 -0.00942 -9.61 2.51 176
70.7373 -0.01431 -7.49 3.34 173
71.0710 -0.01583 -13.17 0.74 173
71.4047 -0.01252 -12.95 0.59 185
71.7383 0.00622 -9.34 1.29 175
72.0720 0.01187 -8.37 1.40 175
72.4057 0.02047 -8.10 1.40 176
72.7393 0.01599 -11.67 -0.32 183
73.0730 -0.00542 -7.28 2.58 161
73.4067 0.00735 -7.33 2.57 175
73.7403 -0.00302 -6.41 3.70 148
74.0740 -0.00258 -7.34 3.64 172
74.4077 -0.00134 -12.09 0.69 186
74.7413 -0.02734 -8.42 2.87 170
75.0750 -0.03532 -8.97 3.05 187
75.4087 -0.05709 -8.16 2.35 170
75.7423 -0.03281 -7.73 2.53 178
76.0760 -0.02808 -13.20 0.24 164
76.4097 -0.04488 -14.07 -0.18 188
76.7433 -0.03420 -14.14 -0.48 172
77.0770 -0.05010 -9.40 2.91 173
77.4107 -0.06117 -9.21 2.64 166
77.7443 -0.03821 -10.30 1.35 179
78.0780 -0.01910 -10.02 1.57 177
78.4117 -0.03541 -6.74 3.01 156
78.7453 -0.04924 -8.64 2.18 165
79.0790 -0.04893 -8.64 2.42 182
79.4127 -0.04619 -8.98 1.69 172
79.7463 -0.05815 -9.30 1.77 163
80.0800 -0.03815 -10.41 0.76 176
80.4137 -0.05064 -9.00 1.65 170
80.7473 -0.03757 -8.53 0.16 173
81.0810 -0.02554 -9.39 0.45 168
81.4147 -0.04094 -10.77 0.15 175
81.7483 -0.07301 -8.93 1.68 165
82.0820 -0.04244 -11.43 0.45 174
82.4157 -0.07417 -11.95 1.10 166
82.7493 -0.13285 -9.92 3.08 168
83.0830 -0.18353 -11.11 2.70 175
83.4167 -0.16999 -12.33 2.10 182
83.7503 -0.19866 -10.31 2.92 162
84.0840 -0.19083 -9.09 3.04 161
84.4177 -0.17687 -11.54 3.28 186
84.7513 -0.18143 -10.65 4.12 171
85.0850 -0.16329 -12.23 3.33 175
85.4187 -0.15438 -10.48 5.14 173
85.7523 -0.17240 -10.24 6.20 167
86.0860 -0.17002 -8.98 6.91 161
86.4197 -0.14724 -13.25 4.89 167
86.7533 -0.15834 -12.62 4.42 173
87.0870 -0.14249 -8.71 6.24 155
87.4207 -0.16054 -9.83 6.28 166
87.7543 -0.14960 -11.70 4.99 172
88.0880 -0.14277 -11.76 5.15 169
88.4217 -0.15358 -10.34 5.22 167
88.7553 -0.13515 -10.22 4.99 171
89.0890 -0.12312 -9.96 4.56 169
89.4227 -0.10564 -9.35 4.28 161
89.7563 -0.08974 -10.06 3.62 164
90.0900 -0.06391 -12.44 1.95 171
90.4237 -0.09907 -9.96 3.74 170
90.7573 -0.10563 -9.39 3.95 159
91.0910 -0.12319 -10.64 3.78 163
91.4247 -0.12854 -12.58 2.68 174
91.7583 -0.14066 -10.97 3.33 181
92.0920 -0.12990 -10.37 3.18 167
92.4257 -0.12543 -8.99 3.82 158
92.7593 -0.11687 -12.68 2.03 171
93.0930 -0.12185 -10.00 3.13 168
93.4267 -0.12104 -12.02 2.21 171
93.7603 -0.14577 -10.23 4.10 166
94.0940 -0.17231 -10.31 4.52 173
94.4277 -0.15140 -8.78 4.92 167
94.7613 -0.15793 -13.58 3.00 176
95.0950 -0.19382 -10.69 4.65 160
95.4287 -0.18851 -10.59 4.23 170
95.7623 -0.20000 -9.82 4.90 162
96.0960 -0.19181 -10.10 4.66 171
96.4297 -0.19627 -10.66 5.10 176
96.7633 -0.21399 -11.50 5.21 177
97.0970 -0.21104 -16.31 2.51 169
97.4307 -0.19320 -10.29 5.04 183
97.7643 -0.17727 -9.98 5.42 159
98.0980 -0.19812 -10.90 5.07 167
98.4317 -0.22491 -10.56 5.67 162
98.7653 -0.23628 -10.60 5.57 174
99.0990 -0.25070 -9.59 5.70 155
99.4327 -0.22966 -12.98 4.30 178
99.7663 -0.24906 -10.84 5.03 183
100.1000 -0.26322 -10.80 4.93 173
100.4337 -0.24302 -12.67 3.50 168
100.7673 -0.24050 -10.87 4.27 169
101.1010 -0.23124 -10.41 4.16 170
101.4347 -0.21426 -10.52 3.62 160
101.7683 -0.21656 -9.57 4.04 148
102.1020 -0.20174 -11.28 4.05 161
102.4357 -0.20261 -10.90 4.21 163
102.7693 -0.19289 -10.64 3.95 159
103.1030 -0.19389 -8.87 4.18 153
103.4367 -0.18515 -15.24 1.15 166
103.7703 -0.17268 -10.17 3.54 171
104.1040 -0.16994 -9.22 4.50 169
104.4377 -0.16839 -11.73 3.23 175
104.7713 -0.16403 -10.04 3.62 166
105.1050 -0.14997 -10.02 3.30 163
105.4387 -0.15845 -8.94 3.59 158
105.7723 -0.15606 -9.73 2.89 162
106.1060 -0.13528 -10.99 2.49 179
106.4397 -0.11575 -9.79 2.01 162
106.7733 -0.09160 -10.72 1.04 178
107.1070 -0.07374 -10.85 1.21 184
107.4407 -0.10167 -7.63 2.84 149
107.7743 -0.07356 -10.87 1.18 168
108.1080 -0.06170 -10.12 0.43 180
108.4417 -0.06504 -6.37 2.03 155
108.7753 -0.06506 -8.67 1.29 167
109.1090 -0.06111 -8.21 2.23 160
109.4427 -0.03569 -9.72 1.40 176
109.7763 -0.03714 -9.02 1.46 174
110.1100 -0.02562 -8.70 0.90 172
110.4437 -0.01374 -8.84 -0.29 166
110.7773 -0.03784 -7.95 1.24 173
111.1110 -0.03365 -12.43 -1.35 158
111.4447 -0.04879 -6.93 0.59 175
111.7783 -0.04429 -8.05 0.73 169
112.1120 -0.02712 -7.76 0.46 161
112.4457 -0.03901 -7.11 1.00 170
112.7793 -0.02937 -6.85 0.82 174
113.1130 0.00962 -11.53 -2.15 182
113.4467 -0.00698 -11.76 -1.55 178
113.7803 -0.03092 -6.54 0.82 166
114.1140 -0.00197 -10.85 -2.60 181
114.4477 -0.00046 -10.75 -4.23 165
114.7813 -0.00163 -9.86 -4.95 193
115.1150 0.03102 -6.00 -3.81 171
115.4487 0.03755 -6.43 -4.19 176
115.7823 0.01576 -9.23 -4.65 200
116.1160 0.01842 -7.86 -4.45 191
116.4497 0.03402 -5.31 -4.04 176
116.7833 0.05215 -5.46 -4.30 169
117.1170 0.04104 -7.28 -5.20 205
117.4507 0.05803 -7.92 -5.33 183
117.7843 0.05736 -7.57 -5.39 191
118.1180 0.05515 -7.54 -5.39 181
118.4517 0.07984 -5.15 -4.95 181
118.7853 0.08802 -6.81 -5.94 190
119.1190 0.09691 -6.18 -5.62 201
119.4527 0.09265 -4.24 -4.46 181
119.7863 0.10707 -4.22 -4.88 190
120.1200 0.07507 -4.78 -4.85 185
120.4537 0.08935 -6.38 -5.66 197
120.7873 0.09993 -5.92 -5.50 198
121.1210 0.09934 -3.93 -4.89 181
121.4547 0.11769 -6.07 -6.10 191
121.7883 0.08591 -6.18 -5.34 186
122.1220 0.08360 -5.28 -5.10 186
122.4557 0.07878 -4.82 -4.68 174
122.7893 0.08508 -5.03 -4.13 190
123.1230 0.09912 -6.13 -3.97 188
123.4567 0.10669 -6.33 -3.95 192
123.7903 0.12791 -6.35 -3.69 183
124.1240 0.11859 -5.74 -3.52 192
124.4577 0.11096 -4.93 -3.09 185
124.7913 0.13451 -5.56 -3.77 188
125.1250 0.08500 -5.25 -3.27 195
125.4587 0.07936 -4.13 -3.19 185
125.7923 0.08340 -5.09 -3.36 187
126.1260 0.08765 -4.69 -2.75 200
126.4597 0.09381 -4.74 -3.19 178
126.7933 0.10371 -2.85 -2.33 165
127.1270 0.08259 -4.35 -2.65 190
127.4607 0.07452 -2.83 -2.02 179
127.7943 0.06681 -4.21 -2.81 190
128.1280 0.05263 -4.09 -2.36 193
128.4617 0.04429 -3.95 -2.12 204
128.7953 0.07787 -3.50 -2.10 197
129.1290 0.07869 -3.17 -2.14 178
129.4627 0.08364 -3.34 -2.23 193
129.7963 0.08149 -3.04 -2.53 210
130.1300 0.10154 -3.07 -2.86 204
130.4637 0.07777 -3.02 -2.51 191
130.7973 0.05850 -2.95 -2.51 204
131.1310 0.05781 -2.65 -2.30 196
131.4647 0.07415 -2.29 -2.25 191
131.7983 0.08616 -2.08 -2.33 185
132.1320 0.09615 -1.78 -2.60 196
132.4657 0.11145 -1.43 -2.98 196
132.7993 0.11417 -1.32 -3.11 197
133.1330 0.09601 -1.19 -3.05 193
133.4667 0.10994 -0.99 -3.31 199
133.8003 0.11687 -0.69 -3.76 201
134.1340 0.14060 -0.31 -3.91 189
134.4677 0.13496 -0.34 -4.39 204
134.8013 0.15582 -0.18 -4.72 192
135.1350 0.16421 0.15 -4.96 186
135.4687 0.16961 0.51 -4.23 189
135.8023 0.19582 0.87 -3.30 204
136.1360 0.20444 1.25 -3.17 195
136.4697 0.20781 1.59 -3.22 198
136.8033 0.21160 1.85 -3.49 186
137.1370 0.24622 2.17 -4.17 194
137.4707 0.26803 2.60 -4.47 195
137.8043 0.27872 3.10 -4.74 192
138.1380 0.24609 2.54 -4.10 182
138.4717 0.23688 3.47 -3.52 195
138.8053 0.21891 3.77 -3.44 190
139.1390 0.22523 4.10 -3.16 184
139.4727 0.24362 4.39 -3.60 184
139.8063 0.27747 4.76 -4.12 192
140.1400 0.28781 5.29 -4.56 197
140.4737 0.29194 5.44 -5.11 193
140.8073 0.31697 6.04 -5.39 200
141.1410 0.31843 5.84 -5.62 187
141.4747 0.31144 6.21 -5.80 191
141.8083 0.31427 7.31 -5.47 208
142.1420 0.31726 5.99 -5.32 181
142.4757 0.28385 6.25 -4.79 173
142.8093 0.31393 6.94 -4.85 181
143.1430 0.30532 7.62 -4.45 182
143.4767 0.32361 7.20 -4.46 194
143.8103 0.33435 8.26 -3.95 193
144.1440 0.31791 7.50 -3.93 176
144.4777 0.30408 7.67 -3.87 188
144.8113 0.27567 7.59 -4.42 188
145.1450 0.29635 6.51 -5.44 182
145.4787 0.32818 7.44 -5.55 188
145.8123 0.33652 8.30 -5.70 203
146.1460 0.35295 7.89 -6.27 195
146.4797 0.35452 7.24 -6.72 183
146.8133 0.37007 7.24 -7.28 185
147.1470 0.34055 6.60 -7.35 175
147.4807 0.37187 8.89 -6.86 173
147.8143 0.38831 8.25 -7.24 182
148.1480 0.40269 9.44 -5.71 186
148.4817 0.36975 6.66 -6.54 177
148.8153 0.39642 9.20 -6.13 187
149.1490 0.41985 9.19 -6.06 190
149.4827 0.43560 8.28 -7.01 181
149.8163 0.43228 9.31 -6.22 187
150.1500 0.40849 8.87 -6.46 183
150.4837 0.43305 9.26 -6.98 200
150.8173 0.44419 8.42 -7.08 174
151.1510 0.44286 6.73 -8.12 177
151.4847 0.46436 8.89 -7.67 182
151.8183 0.46143 8.17 -8.04 173
152.1520 0.49292 9.49 -8.25 192
152.4857 0.50588 10.24 -8.56 170
152.8193 0.45046 9.19 -8.65 162
153.1530 0.38562 8.91 -8.15 174
153.4867 0.39102 8.57 -8.48 191
153.8203 0.35950 7.17 -8.68 177
154.1540 0.40074 8.62 -8.94 177
154.4877 0.41966 9.95 -8.92 201
154.8213 0.41606 9.67 -9.18 186
155.1550 0.43044 8.79 -9.25 180
155.4887 0.42717 9.94 -8.96 188
155.8223 0.40278 10.09 -8.76 188
156.1560 0.40232 6.72 -10.33 157
156.4897 0.41511 9.69 -9.19 182
156.8233 0.40890 9.90 -8.80 189
157.1570 0.42165 10.03 -8.32 190
157.4907 0.41413 9.71 -8.21 179
157.8243 0.41419 8.76 -8.86 167
158.1580 0.44166 8.23 -9.80 171
158.4917 0.44471 7.72 -10.25 174
158.8253 0.44704 7.36 -9.48 153
159.1590 0.46295 7.53 -9.67 163
159.4927 0.46052 7.41 -9.91 166
159.8263 0.46519 10.57 -9.00 188
160.1600 0.44193 10.09 -8.84 191
160.4937 0.45672 10.21 -9.23 186
160.8273 0.45817 10.38 -8.93 191
161.1610 0.44741 7.57 -10.00 177
161.4947 0.44001 7.31 -10.14 172
161.8283 0.46879 10.04 -9.31 179
162.1620 0.46627 9.52 -9.37 177
162.4957 0.48115 7.86 -9.36 168
162.8293 0.47769 8.68 -8.47 171
163.1630 0.48266 9.88 -7.41 171
163.4967 0.48675 8.79 -7.69 160
163.8303 0.47522 7.38 -7.76 176
164.1640 0.50439 9.60 -7.18 188
164.4977 0.50308 7.09 -7.87 156
164.8313 0.51004 9.70 -6.70 181
165.1650 0.50988 9.58 -6.55 171
165.4987 0.51545 8.91 -7.04 165
165.8323 0.48643 8.14 -6.28 167
166.1660 0.49949 9.47 -6.20 179
166.4997 0.50248 8.66 -6.75 169
166.8333 0.44606 7.90 -6.68 165
167.1670 0.46249 9.53 -6.08 157
167.5007 0.43756 6.52 -7.38 160
167.8343 0.46423 7.14 -7.73 159
168.1680 0.48213 10.12 -6.08 157
168.5017 0.50801 8.21 -6.94 175
168.8353 0.51051 9.75 -6.63 179
169.1690 0.51257 9.43 -7.45 188
169.5027 0.53247 9.93 -7.44 180
169.8363 0.53394 10.11 -7.06 180
170.1700 0.54143 9.16 -7.68 169
170.5037 0.53048 7.51 -8.44 147
170.8373 0.54588 10.17 -7.31 176
171.1710 0.57259 9.57 -8.26 164
171.5047 0.56958 10.81 -7.96 178
171.8383 0.58959 9.60 -8.62 160
172.1720 0.60702 10.35 -8.18 169
172.5057 0.59643 9.45 -8.72 164
172.8393 0.58997 10.59 -8.40 166
173.1730 0.57303 9.70 -9.77 173
173.5067 0.53780 9.35 -10.63 165
173.8403 0.54531 8.70 -10.35 178
174.1740 0.57126 7.41 -11.11 168
174.5077 0.56640 7.05 -11.39 168
174.8413 0.55548 6.44 -12.05 163
175.1750 0.57566 7.72 -10.30 164
175.5087 0.58350 7.56 -9.61 168
175.8423 0.56561 7.51 -11.41 167
176.1760 0.57706 6.43 -14.97 162
176.5097 0.61404 5.31 -16.59 151
176.8433 0.64453 7.64 -15.08 177
177.1770 0.62676 8.87 -13.90 152
177.5107 0.62952 8.34 -14.91 170
177.8443 0.63640 7.75 -15.28 160
178.1780 0.61824 6.10 -14.72 170
178.5117 0.61190 5.75 -12.97 171
178.8453 0.60082 5.15 -13.03 179
179.1790 0.56791 4.99 -13.12 169
179.5127 0.52621 4.01 -13.99 170
179.8463 0.49770 3.03 -14.73 168
180.1800 0.49518 1.20 -17.12 160
180.5137 0.55625 3.18 -18.57 145
180.8473 0.54919 0.03 -19.87 143
181.1810 0.54869 -0.25 -19.84 140
181.5147 0.50493 -3.41 -20.35 140
181.8483 0.57456 -1.53 -20.61 143
182.1820 0.57569 -1.37 -20.20 149
182.5157 0.56793 -1.88 -18.84 153
182.8493 0.60345 -1.40 -18.45 150
183.1830 0.59577 -1.30 -18.19 156
183.5167 0.60024 -1.66 -18.66 157
183.8503 0.63425 -2.16 -19.18 156
184.1840 0.61503 -2.30 -18.84 161
184.5177 0.58795 -2.56 -18.43 158
184.8513 0.56892 -2.62 -18.19 162
185.1850 0.49452 -4.69 -17.64 168
185.5187 0.50312 -4.28 -16.70 163
185.8523 0.52186 -2.77 -16.89 142
186.1860 0.40627 -5.50 -17.38 148
186.5197 0.45473 -3.96 -18.57 132
186.8533 0.32948 -9.13 -18.91 139
187.1870 0.42847 -8.39 -20.14 145
187.5207 0.31524 -13.80 -20.47 126
187.8543 0.43298 -9.74 -20.47 139
188.1880 0.43949 -10.08 -19.31 127
188.5217 0.47041 -10.23 -18.73 140
188.8553 0.40608 -9.14 -16.73 139
189.1890 0.40336 -8.16 -14.93 131
189.5227 0.38417 -8.01 -14.83 134
189.8563 0.37632 -8.02 -15.29 142
190.1900 0.37818 -7.34 -15.95 141
190.5237 0.38404 -8.11 -16.75 135
190.8573 0.41112 -6.97 -16.01 143
191.1910 0.37020 -7.48 -15.02 144
191.5247 0.41696 -7.63 -15.53 136
191.8583 0.31538 -10.09 -14.63 136
192.1920 0.30986 -7.22 -13.25 129
192.5257 0.27080 -6.40 -11.96 126
192.8593 0.22731 -6.98 -9.77 135
193.1930 0.17342 -14.79 -12.39 127
193.5267 0.16900 -8.35 -9.58 124
193.8603 0.17649 -8.52 -9.39 123
194.1940 0.12845 -10.42 -9.10 130
194.5277 0.12783 -8.68 -7.56 130
194.8613 0.11901 -11.04 -8.24 121
195.1950 0.08099 -8.93 -7.22 119
195.5287 0.11932 -8.73 -7.10 124
195.8623 0.11406 -8.94 -7.07 130
196.1960 0.11182 -9.18 -7.23 115
196.5297 0.13056 -9.84 -7.47 133
196.8633 0.13189 -16.24 -10.13 118
197.1970 0.12345 -8.66 -6.10 128
197.5307 0.11364 -7.99 -5.85 115
197.8643 0.11796 -10.34 -7.09 115
198.1980 0.09504 -10.22 -6.54 118
198.5317 0.11128 -9.86 -5.97 110
198.8653 0.07426 -8.49 -4.76 106
199.1990 0.06023 -10.27 -5.43 112
199.5327 0.04581 -9.77 -4.66 116
199.8663 -0.02792 -10.72 -3.27 117
200.2000 -0.03255 -9.78 -2.73 115
200.5337 0.00180 -10.01 -3.84 111
200.8673 0.01255 -11.25 -4.33 114
201.2010 0.01119 -9.15 -3.58 109
201.5347 -0.00330 -10.37 -3.82 111
201.8683 0.00638 -10.08 -4.14 113
202.2020 0.01162 -11.05 -5.14 117
202.5357 0.03642 -9.88 -5.05 101
202.8693 0.04600 -7.64 -4.48 100
203.2030 0.04138 -8.60 -4.80 104
203.5367 0.03834 -10.01 -5.32 102
203.8703 0.03707 -11.16 -5.29 104
204.2040 0.06187 -9.53 -4.87 111
204.5377 0.07116 -9.80 -4.40 106
204.8713 0.07820 -9.81 -4.81 109
205.2050 0.10147 -9.85 -5.87 102
205.5387 0.11924 -9.60 -6.27 109
205.8723 0.16007 -9.62 -6.91 106
206.2060 0.14323 -10.36 -7.10 111
206.5397 0.15551 -10.43 -7.70 108
206.8733 0.15494 -8.66 -7.60 99
207.2070 0.16669 -9.91 -8.80 96
207.5407 0.20666 -8.99 -9.64 101
207.8743 0.21568 -6.86 -8.85 100
208.2080 0.22372 -8.93 -8.98 99
208.5417 0.24299 -8.89 -8.76 100
208.8753 0.16584 -14.73 -10.19 80
209.2090 0.28595 -8.76 -10.85 85
209.5427 0.29148 -9.21 -12.26 86
209.8763 0.31486 -10.22 -13.81 76
210.2100 0.31882 -11.60 -14.67 80
210.5437 0.23968 -12.30 -14.07 81
210.8773 0.26338 -13.30 -14.83 77
211.2110 0.24378 -12.68 -14.21 82
211.5447 0.28940 -12.34 -14.80 78
211.8783 0.27972 -11.40 -13.99 75
212.2120 0.28287 -10.91 -13.63 76
212.5457 0.23917 -10.68 -12.73 79
212.8793 0.24513 -10.78 -12.91 79
213.2130 0.23179 -10.23 -12.36 85
213.5467 0.19653 -9.87 -11.00 83
213.8803 0.21910 -7.88 -10.40 73
214.2140 0.22159 -8.79 -10.12 76
214.5477 0.22008 -9.26 -9.07 78
214.8813 0.17832 -9.99 -8.73 66
215.2150 0.21124 -7.57 -7.70 67
215.5487 0.17559 -7.16 -6.64 67
215.8823 0.22116 -9.34 -6.87 67
216.2160 0.19508 -10.19 -6.70 77
216.5497 0.17847 -9.24 -5.21 76
216.8833 0.16044 -9.28 -3.68 72
217.2170 0.14353 -9.32 -3.10 68
217.5507 0.17105 -9.72 -3.42 70
217.8843 0.14410 -10.72 -3.57 69
218.2180 0.16377 -10.16 -3.89 68
218.5517 0.10310 -11.00 -3.62 65
218.8853 0.17266 -9.91 -4.58 62
219.2190 0.13016 -11.24 -4.14 70
219.5527 0.08753 -9.85 -1.75 61
219.8863 0.10317 -11.10 -2.43 71
220.2200 0.10318 -9.82 -1.87 57
220.5537 0.13424 -11.21 -2.69 65
220.8873 0.13885 -11.02 -2.66 67
221.2210 0.14151 -9.92 -2.34 63
221.5547 0.13520 -10.10 -2.62 57
221.8883 0.10067 -9.12 -1.88 55
222.2220 0.08121 -11.33 -2.70 58
222.5557 0.07218 -10.66 -1.68 62
222.8893 0.08535 -11.06 -2.06 64
223.2230 0.11501 -11.74 -2.96 56
223.5567 0.09760 -11.45 -2.24 57
223.8903 0.14245 -10.42 -2.02 55
224.2240 0.12310 -8.67 -1.18 54
224.5577 0.12589 -10.02 -1.84 55
224.8913 0.13021 -9.53 -1.53 53
225.2250 0.11577 -11.54 -1.40 57
225.5587 0.10191 -11.17 -0.94 56
225.8923 0.07150 -11.58 -0.38 63
226.2260 0.07049 -12.45 -0.79 54
226.5597 0.07190 -11.17 -0.61 56
226.8933 0.00391 -8.93 1.05 49
227.2270 0.00344 -10.17 0.24 49
227.5607 -0.00201 -10.50 0.19 50
227.8943 -0.00392 -10.07 0.28 45
228.2280 -0.02986 -10.88 0.33 47
228.5617 -0.01605 -10.96 -0.15 45
228.8953 -0.03830 -10.32 0.11 54
229.2290 -0.09324 -11.62 0.08 51
229.5627 -0.03277 -10.60 -0.65 46
229.8963 -0.04835 -11.13 -0.35 47
230.2300 -0.03532 -10.22 -0.43 50
230.5637 -0.12214 -11.91 -0.29 41
230.8973 -0.10595 -11.15 -1.02 44
231.2310 -0.13944 -13.30 -1.87 44
231.5647 -0.08113 -13.31 -2.88 37
231.8983 -0.04874 -11.69 -3.16 34
232.2320 -0.05029 -11.11 -3.23 48
232.5657 -0.03473 -11.36 -3.57 38
232.8993 -0.03726 -10.70 -2.09 39
233.2330 0.00889 -11.04 -2.16 32
233.5667 -0.01385 -10.58 -1.44 42
233.9003 0.01056 -10.03 -1.83 33
234.2340 0.01881 -10.16 -1.94 33
234.5677 -0.01467 -10.28 -1.36 41
234.9013 0.00615 -10.53 -1.77 32
235.2350 -0.05561 -8.96 0.40 27
235.5687 -0.03898 -9.29 -0.29 25
235.9023 -0.05619 -8.97 0.04 28
236.2360 -0.02333 -8.95 -0.74 29
236.5697 -0.02642 -7.86 -0.05 25
236.9033 -0.01698 -8.45 0.05 21
237.2370 -0.02649 -8.84 0.18 21
237.5707 -0.06273 -10.42 0.21 25
237.9043 -0.06427 -10.58 0.13 25
238.2380 -0.07086 -8.84 1.78 26
238.5717 -0.05289 -9.17 0.98 16
238.9053 -0.05891 -8.90 0.77 26
239.2390 -0.10810 -10.23 1.39 14
239.5727 -0.05216 -8.95 1.12 21
239.9063 -0.03945 -8.54 1.08 19
240.2400 -0.01086 -8.82 0.05 14
240.5737 -0.01835 -9.26 -0.73 12
240.9073 -0.00421 -18.96 -5.43 15
241.2410 -0.01346 -18.30 -5.11 16
241.5747 0.00951 -10.20 -2.86 18
241.9083 0.04258 -8.72 -3.43 16
242.2420 0.02431 -8.55 -3.49 12
242.5757 0.01119 -14.85 -6.17 14
242.9093 -0.37919 -14.97 0.24 14
243.2430 -0.02171 -14.75 -5.98 15
243.5767 -0.00153 -8.01 -4.24 14
243.9103 0.01601 -13.86 -6.71 13
244.2440 0.16075 -6.15 -6.16 11
244.5777 0.05904 -13.20 -7.54 15
244.9113 0.06051 -12.44 -7.93 12
245.2450 nan nan nan 0
245.5787 nan nan nan 0
245.9123 nan nan nan 0
246.2460 nan nan nan 0
246.5797 0.11567 -10.33 -6.36 13
246.9133 nan nan nan 0
247.2470 0.14244 -9.79 -6.18 12
247.5807 nan nan nan 0
247.9143 0.12765 -9.98 -6.14 10
248.2480 0.14489 -9.99 -5.71 10
248.5817 0.18809 -10.69 -6.49 13
248.9153 nan nan nan 0
249.2490 0.16763 -9.18 -4.52 14
249.5827 nan nan nan 0
249.9163 0.15502 -9.33 -4.14 13
250.2500 0.11501 -10.54 -3.16 11
250.5837 0.14000 -3.84 -0.65 10
250.9173 nan nan nan 0
251.2510 nan nan nan 0
251.5847 0.08220 -10.75 -2.43 10
251.9183 0.10251 -10.90 -2.86 12
252.2520 59.40453 647.85 357.57 17
252.5857 nan nan nan 0
252.9193 -120.52138 647.56 356.47 16
253.2530 0.13157 -10.23 -3.74 10
253.5867 0.11643 -9.73 -3.58 13
253.9203 0.14407 -9.98 -4.43 11
254.2540 0.00000 647.56 355.68 16
254.5877 0.17609 -10.29 -5.27 13
254.9213 0.22408 -10.46 -5.84 13
255.2550 0.00000 648.14 355.79 16
255.5887 0.24425 -3.74 -3.68 11
255.9223 0.22086 -9.93 -5.91 17
256.2560 0.24156 -11.08 -7.17 10
256.5897 0.25411 -9.83 -7.05 13
256.9233 0.26650 -9.78 -7.52 10
257.2570 0.29734 -3.89 -5.80 12
257.5907 0.24625 -9.87 -7.55 10
257.9243 nan nan nan 0
258.2580 0.00000 648.54 354.76 12
258.5917 nan nan nan 0
258.9253 -30.97152 648.70 354.19 11
259.2590 nan nan nan 0
259.5927 0.00000 648.99 353.86 10
259.9263 nan nan nan 0
260.2600 nan nan nan 0
260.5937 nan nan nan 0
260.9273 nan nan nan 0
261.2610 0.17805 -7.80 -6.29 12
261.5947 nan nan nan 0
261.9283 nan nan nan 0
262.2620 0.15985 -7.21 -6.81 10
262.5957 0.14660 -7.42 -7.10 12
262.9293 nan nan nan 0
263.2630 0.15926 -7.15 -7.49 12
263.5967 0.16068 -7.16 -7.69 10
263.9303 0.37194 0.03 -8.13 10
264.2640 0.19648 -7.03 -8.41 11
264.5977 nan nan nan 0
264.9313 nan nan nan 0
265.2650 0.40612 0.42 -9.01 11
265.5987 0.41086 0.08 -9.59 11
265.9323 0.20782 -6.27 -9.15 14
266.2660 0.46197 0.41 -10.13 13
266.5997 0.44107 -0.15 -9.94 11
266.9333 0.37101 -0.90 -9.51 16
267.2670 0.43508 0.78 -9.86 16
267.6007 0.31296 -3.33 -10.01 17
267.9343 0.37917 0.12 -9.86 13
268.2680 0.31168 -2.46 -9.23 15
268.6017 0.32826 -0.68 -9.14 13
268.9353 nan nan nan 0
269.2690 0.34529 0.26 -8.54 13
269.6027 0.27441 -2.56 -8.38 17
269.9363 0.33957 -0.74 -8.13 12
270.2700 0.32912 -2.85 -9.12 13
270.6037 0.32340 -1.46 -8.07 18
270.9373 0.40216 0.63 -8.56 13
271.2710 nan nan nan 0
271.6047 0.32214 -1.88 -8.47 13
271.9383 nan nan nan 0
272.2720 0.51836 0.98 -11.06 14
272.6057 0.45556 0.52 -10.63 13
272.9393 0.30418 -1.97 -9.42 14
273.2730 0.46783 1.04 -11.12 13
273.6067 0.27630 -1.42 -8.89 15
273.9403 0.31633 -0.47 -8.77 12
274.2740 0.27061 -1.46 -8.15 13
274.6077 0.35457 -0.91 -8.85 12
274.9413 0.31085 -0.50 -8.11 13
275.2750 0.25654 -0.99 -6.89 12
275.6087 0.25929 -0.56 -6.44 13
275.9423 0.35475 0.49 -7.25 12
276.2760 0.24858 0.27 -5.86 14
276.6097 0.19370 -1.05 -5.00 12
276.9433 0.25647 -0.46 -5.52 15
277.2770 0.22736 -0.65 -5.22 13
277.6107 nan nan nan 0
277.9443 nan nan nan 0
278.2780 0.22156 0.02 -5.97 13
278.6117 0.16880 -0.41 -5.68 10
278.9453 0.23482 0.41 -6.63 10
279.2790 nan nan nan 0
279.6127 0.21865 0.58 -5.88 11
279.9463 0.17968 -0.67 -5.73 12
280.2800 0.19236 0.44 -5.59 12
280.6137 0.20645 0.31 -6.08 10
280.9473 nan nan nan 0
281.2810 nan nan nan 0
281.6147 0.22770 -0.82 -6.99 10
281.9483 0.25002 0.66 -6.75 10
282.2820 0.30871 1.69 -7.13 10
282.6157 0.24527 0.58 -6.66 10
282.9493 nan nan nan 0
283.2830 nan nan nan 0
283.6167 nan nan nan 0
283.9503 nan nan nan 0
284.2840 0.28004 0.79 -5.44 10
284.6177 nan nan nan 0
284.9513 nan nan nan 0
285.2850 nan nan nan 0
285.6187 nan nan nan 0
285.9523 nan nan nan 0
286.2860 nan nan nan 0
286.6197 nan nan nan 0
286.9533 nan nan nan 0
287.2870 nan nan nan 0
287.6207 nan nan nan 0
287.9543 nan nan nan 0
288.2880 nan nan nan 0
288.6217 nan nan nan 0
288.9553 nan nan nan 0
289.2890 nan nan nan 0
289.6227 nan nan nan 0
289.9563 nan nan nan 0
290.2900 0.34342 1.07 -4.33 10
290.6237 nan nan nan 0
290.9573 nan nan nan 0
291.2910 nan nan nan 0
291.6247 nan nan nan 0
291.9583 nan nan nan 0
292.2920 nan nan nan 0
292.6257 nan nan nan 0
292.9593 nan nan nan 0
293.2930 nan nan nan 0
293.6267 nan nan nan 0
293.9603 0.37541 1.73 -4.91 10
294.2940 nan nan nan 0
294.6277 nan nan nan 0
294.9613 nan nan nan 0
295.2950 nan nan nan 0
295.6287 nan nan nan 0
295.9623 nan nan nan 0
296.2960 nan nan nan 0
296.6297 nan nan nan 0
296.9633 nan nan nan 0
297.2970 nan nan nan 0
297.6307 nan nan nan 0
297.9643 0.40784 1.94 -7.50 10
298.2980 nan nan nan 0
298.6317 nan nan nan 0
298.9653 nan nan nan 0
299.2990 nan nan nan 0
299.6327 nan nan nan 0
299.9663 nan nan nan 0
300.3000 nan nan nan 0
300.6337 nan nan nan 0
300.9673 nan nan nan 0
301.3010 nan nan nan 0
301.6347 nan nan nan 0
301.9683 nan nan nan 0
302.3020 nan nan nan 0
302.6357 nan nan nan 0
302.9693 nan nan nan 0
303.3030 nan nan nan 0
303.6367 nan nan nan 0
303.9703 nan nan nan 0
304.3040 nan nan nan 0
304.6377 nan nan nan 0
304.9713 nan nan nan 0
305.3050 nan nan nan 0
305.6387 nan nan nan 0
305.9723 nan nan nan 0
306.3060 nan nan nan 0
306.6397 nan nan nan 0
306.9733 nan nan nan 0
307.3070 nan nan nan 0
307.6407 nan nan nan 0
307.9743 nan nan nan 0
308.3080 nan nan nan 0
308.6417 nan nan nan 0
308.9753 nan nan nan 0
309.3090 nan nan nan 0
309.6427 nan nan nan 0
309.9763 nan nan nan 0
310.3100 nan nan nan 0
310.6437 nan nan nan 0
310.9773 nan nan nan 0
311.3110 nan nan nan 0
311.6447 nan nan nan 0
311.9783 nan nan nan 0
312.3120 nan nan nan 0
312.6457 nan nan nan 0
312.9793 nan nan nan 0
313.3130 nan nan nan 0
313.6467 nan nan nan 0
313.9803 nan nan nan 0
314.3140 nan nan nan 0
314.6477 nan nan nan 0
314.9813 nan nan nan 0
315.3150 nan nan nan 0
315.6487 nan nan nan 0
315.9823 nan nan nan 0
316.3160 nan nan nan 0
316.6497 nan nan nan 0
316.9833 nan nan nan 0
317.3170 nan nan nan 0
317.6507 nan nan nan 0
317.9843 nan nan nan 0
318.3180 nan nan nan 0
318.6517 nan nan nan 0
318.9853 nan nan nan 0
319.3190 nan nan nan 0
319.6527 nan nan nan 0
319.9863 nan nan nan 0
320.3200 nan nan nan 0
320.6537 nan nan nan 0
320.9873 nan nan nan 0
321.3210 nan nan nan 0
321.6547 nan nan nan 0
321.9883 nan nan nan 0
322.3220 nan nan nan 0
322.6557 nan nan nan 0
322.9893 nan nan nan 0
323.3230 nan nan nan 0
323.6567 nan nan nan 0
323.9903 nan nan nan 0
324.3240 nan nan nan 0
324.6577 nan nan nan 0
324.9913 nan nan nan 0
325.3250 nan nan nan 0
325.6587 nan nan nan 0
325.9923 nan nan nan 0
326.3260 nan nan nan 0
326.6597 nan nan nan 0
326.9933 nan nan nan 0
327.3270 nan nan nan 0
327.6607 nan nan nan 0
327.9943 nan nan nan 0
328.3280 nan nan nan 0
328.6617 nan nan nan 0
328.9953 nan nan nan 0
329.3290 nan nan nan 0
329.6627 nan nan nan 0
329.9963 nan nan nan 0
330.3300 nan nan nan 0
330.6637 nan nan nan 0
330.9973 nan nan nan 0
331.3310 nan nan nan 0
331.6647 nan nan nan 0
331.9983 nan nan nan 0
332.3320 nan nan nan 0
332.6657 nan nan nan 0
332.9993 nan nan nan 0
333.3330 nan nan nan 0
333.6667 nan nan nan 0
334.0003 nan nan nan 0
334.3340 nan nan nan 0
334.6677 nan nan nan 0
335.0013 nan nan nan 0
335.3350 nan nan nan 0
335.6687 nan nan nan 0
336.0023 nan nan nan 0
336.3360 nan nan nan 0
336.6697 nan nan nan 0
337.0033 nan nan nan 0
337.3370 nan nan nan 0
337.6707 nan nan nan 0
338.0043 nan nan nan 0
338.3380 nan nan nan 0
338.6717 nan nan nan 0
339.0053 nan nan nan 0
339.3390 nan nan nan 0
339.6727 nan nan nan 0
340.0063 nan nan nan 0
340.3400 nan nan nan 0
340.6737 nan nan nan 0
341.0073 nan nan nan 0
341.3410 nan nan nan 0
341.6747 nan nan nan 0
342.0083 nan nan nan 0
342.3420 nan nan nan 0
342.6757 nan nan nan 0
343.0093 nan nan nan 0
343.3430 nan nan nan 0
343.6767 nan nan nan 0
344.0103 nan nan nan 0
344.3440 nan nan nan 0
344.6777 nan nan nan 0
345.0113 nan nan nan 0
345.3450 nan nan nan 0
345.6787 nan nan nan 0
346.0123 nan nan nan 0
346.3460 nan nan nan 0
346.6797 nan nan nan 0
347.0133 nan nan nan 0
347.3470 nan nan nan 0
347.6807 nan nan nan 0
348.0143 nan nan nan 0
348.3480 nan nan nan 0
348.6817 nan nan nan 0
349.0153 nan nan nan 0
349.3490 nan nan nan 0
349.6827 nan nan nan 0
350.0163 nan nan nan 0
350.3500 nan nan nan 0
350.6837 nan nan nan 0
351.0173 nan nan nan 0
351.3510 nan nan nan 0
351.6847 nan nan nan 0
352.0183 nan nan nan 0
352.3520 nan nan nan 0
352.6857 nan nan nan 0
353.0193 nan nan nan 0
353.3530 nan nan nan 0
353.6867 nan nan nan 0
354.0203 nan nan nan 0
354.3540 nan nan nan 0
354.6877 nan nan nan 0
355.0213 nan nan nan 0
355.3550 nan nan nan 0
355.6887 nan nan nan 0
356.0223 nan nan nan 0
356.3560 nan nan nan 0
356.6897 nan nan nan 0
357.0233 nan nan nan 0
357.3570 nan nan nan 0
357.6907 nan nan nan 0
358.0243 nan nan nan 0
358.3580 nan nan nan 0
358.6917 nan nan nan 0
359.0253 nan nan nan 0
359.3590 nan nan nan 0
359.6927 nan nan nan 0
360.0263 nan nan nan 0
360.3600 nan nan nan 0
360.6937 nan nan nan 0
361.0273 nan nan nan 0
361.3610 nan nan nan 0
361.6947 nan nan nan 0
362.0283 nan nan nan 0
362.3620 nan nan nan 0
362.6957 nan nan nan 0
363.0293 nan nan nan 0
363.3630 nan nan nan 0
363.6967 nan nan nan 0
364.0303 nan nan nan 0
364.3640 nan nan nan 0
364.6977 nan nan nan 0
365.0313 nan nan nan 0
365.3650 nan nan nan 0
365.6987 nan nan nan 0
366.0323 nan nan nan 0
366.3660 nan nan nan 0
366.6997 nan nan nan 0
367.0333 nan nan nan 0
367.3670 nan nan nan 0
367.7007 nan nan nan 0
368.0343 nan nan nan 0
368.3680 nan nan nan 0
368.7017 nan nan nan 0
369.0353 nan nan nan 0
369.3690 nan nan nan 0
369.7027 nan nan nan 0
370.0363 nan nan nan 0
370.3700 nan nan nan 0
370.7037 nan nan nan 0
371.0373 nan nan nan 0
371.3710 nan nan nan 0
371.7047 nan nan nan 0
372.0383 nan nan nan 0
372.3720 nan nan nan 0
372.7057 nan nan nan 0
373.0393 nan nan nan 0
373.3730 nan nan nan 0
373.7067 nan nan nan 0
374.0403 nan nan nan 0
374.3740 nan nan nan 0
374.7077 nan nan nan 0
375.0413 nan nan nan 0
375.3750 nan nan nan 0
375.7087 nan nan nan 0
376.0423 nan nan nan 0
376.3760 nan nan nan 0
376.7097 nan nan nan 0
377.0433 nan nan nan 0
377.3770 nan nan nan 0
377.7107 nan nan nan 0
378.0443 nan nan nan 0
378.3780 nan nan nan 0
378.7117 nan nan nan 0
379.0453 nan nan nan 0
379.3790 nan nan nan 0
379.7127 nan nan nan 0
380.0463 nan nan nan 0
380.3800 nan nan nan 0
380.7137 nan nan nan 0
381.0473 nan nan nan 0
381.3810 nan nan nan 0
381.7147 nan nan nan 0
382.0483 nan nan nan 0
382.3820 nan nan nan 0
382.7157 nan nan nan 0
383.0493 nan nan nan 0
383.3830 nan nan nan 0
383.7167 nan nan nan 0
384.0503 nan nan nan 0
384.3840 nan nan nan 0
384.7177 nan nan nan 0
385.0513 nan nan nan 0
385.3850 nan nan nan 0
385.7187 nan nan nan 0
386.0523 nan nan nan 0
386.3860 nan nan nan 0
386.7197 nan nan nan 0
387.0533 nan nan nan 0
387.3870 nan nan nan 0
387.7207 nan nan nan 0
388.0543 nan nan nan 0
388.3880 nan nan nan 0
388.7217 nan nan nan 0
389.0553 nan nan nan 0
389.3890 nan nan nan 0
389.7227 nan nan nan 0
390.0563 nan nan nan 0
390.3900 nan nan nan 0
390.7237 nan nan nan 0
391.0573 nan nan nan 0
391.3910 nan nan nan 0
391.7247 nan nan nan 0
392.0583 nan nan nan 0
392.3920 nan nan nan 0
392.7257 nan nan nan 0
393.0593 nan nan nan 0
393.3930 nan nan nan 0
393.7267 nan nan nan 0
394.0603 nan nan nan 0
394.3940 nan nan nan 0
394.7277 nan nan nan 0
395.0613 nan nan nan 0
395.3950 nan nan nan 0
395.7287 nan nan nan 0
396.0623 nan nan nan 0
396.3960 nan nan nan 0
396.7297 nan nan nan 0
397.0633 nan nan nan 0
397.3970 nan nan nan 0
397.7307 nan nan nan 0
398.0643 nan nan nan 0
398.3980 nan nan nan 0
398.7317 nan nan nan 0
399.0653 nan nan nan 0
399.3990 nan nan nan 0
399.7327 nan nan nan 0
400.0663 nan nan nan 0
400.4000 nan nan nan 0
400.7337 nan nan nan 0
401.0673 nan nan nan 0
401.4010 nan nan nan 0
401.7347 nan nan nan 0
402.0683 nan nan nan 0
402.4020 nan nan nan 0
402.7357 nan nan nan 0
403.0693 nan nan nan 0
403.4030 nan nan nan 0
403.7367 nan nan nan 0
404.0703 nan nan nan 0
404.4040 nan nan nan 0
404.7377 nan nan nan 0
405.0713 nan nan nan 0
405.4050 nan nan nan 0
405.7387 nan nan nan 0
406.0723 nan nan nan 0
406.4060 nan nan nan 0
406.7397 nan nan nan 0
407.0733 nan nan nan 0
407.4070 nan nan nan 0
407.7407 nan nan nan 0
408.0743 nan nan nan 0
408.4080 nan nan nan 0
408.7417 nan nan nan 0
409.0753 nan nan nan 0
409.4090 nan nan nan 0
409.7427 nan nan nan 0
410.0763 nan nan nan 0
410.4100 nan nan nan 0
410.7437 nan nan nan 0
411.0773 0.25428 15.92 -3.31 10
411.4110 nan nan nan 0
411.7447 nan nan nan 0
412.0783 nan nan nan 0
412.4120 nan nan nan 0
412.7457 0.40470 10.65 -9.92 10
413.0793 nan nan nan 0
413.4130 nan nan nan 0
413.7467 nan nan nan 0
414.0803 nan nan nan 0
414.4140 0.43619 11.97 -8.92 10
414.7477 0.31804 18.90 -3.26 11
415.0813 0.27023 10.17 -7.22 11
415.4150 0.31334 19.89 -3.67 12
415.7487 0.43157 12.33 -9.26 11
416.0823 0.34732 12.62 -7.44 13
416.4160 0.35039 12.21 -7.78 12
416.7497 0.37248 12.16 -8.23 15
417.0833 0.37295 12.67 -8.43 13
417.4170 0.36604 12.77 -8.79 13
417.7507 0.26242 11.02 -8.07 11
418.0843 0.32505 12.91 -8.38 15
418.4180 0.24146 10.04 -8.77 17
418.7517 0.22878 9.69 -8.98 15
419.0853 0.26377 10.32 -8.88 18
419.4190 0.25692 10.86 -8.02 13
419.7527 0.29182 10.47 -9.19 15
420.0863 0.33311 12.26 -9.24 18
420.4200 0.35335 12.44 -8.86 16
420.7537 0.32546 11.36 -9.08 23
421.0873 0.29258 12.13 -7.85 18
421.4210 0.31545 11.90 -8.55 21
421.7547 0.30603 11.92 -8.56 19
422.0883 0.33835 11.41 -9.05 21
422.4220 0.32187 9.72 -9.92 22
422.7557 0.33614 11.29 -9.64 24
423.0893 0.31530 10.04 -10.22 19
423.4230 0.33191 9.59 -11.00 17
423.7567 0.34710 11.21 -11.08 28
424.0903 0.39868 12.23 -11.22 24
424.4240 0.35490 11.41 -10.98 31
424.7577 0.39054 11.85 -11.19 28
425.0913 0.37280 11.94 -10.81 24
425.4250 0.36270 10.97 -11.36 29
425.7587 0.39563 11.79 -11.02 23
426.0923 0.41655 12.20 -10.38 23
426.4260 0.39834 13.02 -9.76 27
426.7597 0.39641 12.05 -10.21 29
427.0933 0.35689 11.81 -9.28 37
427.4270 0.35089 12.50 -8.83 34
427.7607 0.35303 11.66 -9.41 34
428.0943 0.36040 12.24 -9.38 35
428.4280 0.34745 12.15 -9.19 32
428.7617 0.35567 12.12 -9.54 27
429.0953 0.37883 11.88 -10.40 29
429.4290 0.38191 11.11 -10.49 32
429.7627 0.37738 12.67 -9.83 35
430.0963 0.38250 11.62 -10.88 46
430.4300 0.38154 12.44 -10.31 53
430.7637 0.37694 12.54 -10.19 43
431.0973 0.35269 11.82 -9.88 47
431.4310 0.37281 12.05 -10.23 40
431.7647 0.39965 12.76 -10.00 39
432.0983 0.41775 12.55 -10.10 33
432.4320 0.34038 12.87 -8.81 34
432.7657 0.38098 11.86 -9.40 43
433.0993 0.39133 11.48 -9.69 44
433.4330 0.39812 13.59 -8.11 37
433.7667 0.42510 12.99 -8.98 38
434.1003 0.36603 12.22 -8.66 43
434.4340 0.38195 12.14 -8.63 46
434.7677 0.44482 12.78 -9.15 43
435.1013 0.42921 13.14 -8.84 46
435.4350 0.46113 14.17 -8.51 52
435.7687 0.47978 14.31 -7.59 51
436.1023 0.45940 12.88 -8.32 42
436.4360 0.37814 12.77 -7.60 48
436.7697 0.43370 13.53 -8.41 47
437.1033 0.46503 14.14 -8.77 43
437.4370 0.44006 12.41 -9.28 42
437.7707 0.46917 12.53 -10.21 47
438.1043 0.49911 14.68 -9.95 47
438.4380 0.41410 11.64 -10.11 46
438.7717 0.48490 16.90 -8.93 51
439.1053 0.45677 14.40 -9.50 53
439.4390 0.48212 14.26 -10.09 57
439.7727 0.52133 16.96 -9.80 49
440.1063 0.53598 15.46 -10.93 63
440.4400 0.47266 10.38 -12.41 49
440.7737 0.50114 14.51 -11.56 47
441.1073 0.45238 10.85 -12.90 50
441.4410 0.43183 13.92 -11.41 52
441.7747 0.42946 12.98 -11.96 50
442.1083 0.43928 15.21 -10.98 59
442.4420 0.45515 16.59 -10.67 61
442.7757 0.43545 12.41 -12.47 57
443.1093 0.48300 16.94 -11.33 61
443.4430 0.44133 13.32 -12.33 57
443.7767 0.48553 19.30 -10.46 55
444.1103 0.39953 16.26 -10.30 56
444.4440 0.39670 12.84 -11.81 56
444.7777 0.49943 15.34 -12.54 57
445.1113 0.45611 15.55 -11.02 63
445.4450 0.53515 20.34 -9.10 47
445.7787 0.52011 16.53 -11.04 53
446.1123 0.46523 16.07 -10.64 58
446.4460 0.48894 16.88 -10.93 57
446.7797 0.52118 14.85 -11.56 60
447.1133 0.56234 18.35 -10.90 64
447.4470 0.59737 20.47 -10.36 64
447.7807 0.54065 14.75 -12.11 62
448.1143 0.54752 15.23 -12.31 64
448.4480 0.64366 21.44 -11.31 62
448.7817 0.58346 14.50 -13.02 59
449.1153 0.55188 14.00 -12.85 52
449.4490 0.51394 16.15 -11.61 56
449.7827 0.57896 13.21 -14.13 61
450.1163 0.56605 19.05 -11.53 64
450.4500 0.53329 15.01 -12.87 61
450.7837 0.54809 16.70 -12.35 63
451.1173 0.57681 13.15 -14.46 56
451.4510 0.57568 17.11 -11.68 55
451.7847 0.54848 15.31 -11.86 61
452.1183 0.48965 17.85 -10.27 65
452.4520 0.49615 14.29 -12.34 55
452.7857 0.48887 16.63 -11.57 67
453.1193 0.50857 14.29 -13.14 62
453.4530 0.51047 14.16 -12.51 58
453.7867 0.52217 20.66 -9.19 59
454.1203 0.54694 15.32 -11.95 61
454.4540 0.51585 16.86 -11.05 63
454.7877 0.51904 15.11 -12.17 60
455.1213 0.52059 15.52 -11.67 57
455.4550 0.53661 16.32 -11.20 71
455.7887 0.52408 15.31 -11.29 62
456.1223 0.60184 22.26 -9.76 66
456.4560 0.57722 20.03 -10.95 64
456.7897 0.51503 20.31 -9.32 66
457.1233 0.57022 21.01 -9.97 60
457.4570 0.58515 18.63 -11.53 67
457.7907 0.56563 20.63 -10.62 63
458.1243 0.62125 21.72 -11.10 66
458.4580 0.55546 19.45 -10.61 68
458.7917 0.54534 15.21 -12.02 69
459.1253 0.57342 23.02 -8.30 80
459.4590 0.61677 25.29 -8.22 81
459.7927 0.57366 21.57 -8.82 81
460.1263 0.53492 21.26 -7.64 81
460.4600 0.47051 15.83 -9.12 71
460.7937 0.48084 17.11 -8.60 73
461.1273 0.54046 16.47 -9.13 73
461.4610 0.53552 19.00 -7.68 70
461.7947 0.56756 21.42 -7.51 72
462.1283 0.51212 23.20 -5.95 73
462.4620 0.53071 20.25 -8.07 81
462.7957 0.51390 17.42 -8.73 69
463.1293 0.50834 17.69 -8.20 78
463.4630 0.45995 16.15 -7.65 79
463.7967 0.48206 18.39 -7.07 88
464.1303 0.50238 19.40 -6.82 79
464.4640 0.55031 26.14 -4.89 82
464.7977 0.47564 18.75 -7.00 74
465.1313 0.46064 16.58 -7.99 80
465.4650 0.48590 16.77 -8.64 82
465.7987 0.54961 20.88 -7.93 95
466.1323 0.56568 17.71 -9.60 83
466.4660 0.53678 20.04 -8.20 83
466.7997 0.59187 18.73 -10.04 82
467.1333 0.60604 16.55 -10.82 73
467.4670 0.57994 16.69 -10.61 77
467.8007 0.66469 25.02 -8.26 71
468.1343 0.64597 18.87 -10.81 85
468.4680 0.66051 17.00 -12.26 75
468.8017 0.62438 17.32 -11.44 83
469.1353 0.62599 17.44 -10.92 81
469.4690 0.65785 22.89 -9.39 91
469.8027 0.62019 21.19 -8.95 92
470.1363 0.63706 19.05 -9.72 81
470.4700 0.60340 20.86 -8.50 81
470.8037 0.62647 23.17 -7.52 95
471.1373 0.59130 17.42 -9.38 85
471.4710 0.56672 21.44 -6.94 97
471.8047 0.55957 18.09 -8.33 81
472.1383 0.53594 16.90 -8.65 86
472.4720 0.53264 17.46 -7.90 94
472.8057 0.54756 22.06 -5.83 92
473.1393 0.52156 17.56 -7.22 85
473.4730 0.55927 23.76 -5.24 85
473.8067 0.51671 16.88 -7.89 90
474.1403 0.52502 20.96 -6.20 103
474.4740 0.56344 20.46 -6.79 94
474.8077 0.53059 17.96 -7.60 97
475.1413 0.48416 16.42 -7.42 91
475.4750 0.54870 20.19 -6.64 95
475.8087 0.55374 18.42 -7.84 95
476.1423 0.53440 16.09 -8.52 94
476.4760 0.57722 17.11 -8.61 98
476.8097 0.54669 14.87 -9.33 89
477.1433 0.57970 16.73 -9.26 97
477.4770 0.65740 21.43 -8.72 99
477.8107 0.63858 20.59 -8.11 113
478.1443 0.63469 17.08 -9.60 94
478.4780 0.65675 20.82 -8.54 102
478.8117 0.63630 16.57 -10.10 93
479.1453 0.61860 15.45 -10.15 95
479.4790 0.64626 16.46 -9.93 102
479.8127 0.67223 15.90 -10.86 90
480.1463 0.68734 19.87 -9.57 106
480.4800 0.67639 20.23 -9.30 103
480.8137 0.67593 19.21 -9.24 101
481.1473 0.72718 20.63 -9.15 105
481.4810 0.67781 16.53 -10.36 99
481.8147 0.71714 22.03 -8.85 116
482.1483 0.74665 21.10 -10.02 97
482.4820 0.71736 16.16 -11.34 102
482.8157 0.70651 18.44 -9.75 109
483.1493 0.70750 17.27 -10.15 122
483.4830 0.70329 16.77 -10.48 116
483.8167 0.69784 17.30 -10.40 113
484.1503 0.70813 15.17 -11.47 114
484.4840 0.73722 16.47 -11.26 126
484.8177 0.74333 16.02 -11.35 110
485.1513 0.75004 13.33 -12.33 107
485.4850 0.73310 12.17 -11.89 115
485.8187 0.70444 13.00 -10.87 115
486.1523 0.66851 11.60 -10.64 110
486.4860 0.68120 12.46 -10.27 123
486.8197 0.63671 11.04 -10.15 123
487.1533 0.63814 13.81 -8.87 124
487.4870 0.58302 11.55 -8.55 126
487.8207 0.61464 10.82 -8.88 115
488.1543 0.62483 12.15 -8.36 119
488.4880 0.61066 10.12 -8.97 125
488.8217 0.54992 10.50 -7.24 130
489.1553 0.58338 11.22 -6.75 131
489.4890 0.55367 10.28 -6.49 126
489.8227 0.57211 10.41 -6.05 133
490.1563 0.54719 11.74 -4.58 139
490.4900 0.53674 12.27 -4.14 147
490.8237 0.54411 10.43 -4.58 132
491.1573 0.54305 7.21 -5.86 127
491.4910 0.58427 9.79 -5.39 135
491.8247 0.58042 7.84 -6.27 128
492.1583 0.56563 9.30 -5.13 136
492.4920 0.57592 8.90 -5.00 141
492.8257 0.56051 9.61 -3.84 136
493.1593 0.56910 8.36 -4.41 136
493.4930 0.56089 10.79 -2.87 146
493.8267 0.54811 10.46 -2.82 147
494.1603 0.54272 9.24 -3.39 132
494.4940 0.52275 9.81 -2.92 148
494.8277 0.51727 9.44 -3.08 142
495.1613 0.51355 8.57 -3.55 137
495.4950 0.50270 7.88 -4.07 139
495.8287 0.46617 9.55 -2.87 146
496.1623 0.45505 6.66 -4.08 133
496.4960 0.47038 8.75 -3.43 147
496.8297 0.47480 9.40 -3.57 151
497.1633 0.47289 6.28 -5.16 126
497.4970 0.50799 8.51 -4.56 137
497.8307 0.50166 9.14 -4.77 152
498.1643 0.47654 8.88 -4.56 139
498.4980 0.45480 7.66 -4.05 143
498.8317 0.40718 9.05 -2.12 138
499.1653 0.38159 9.30 -1.60 150
499.4990 0.37702 8.67 -2.05 141
499.8327 0.37238 8.27 -1.75 146
500.1663 0.35285 7.65 -1.08 133
500.5000 0.33462 8.19 -0.89 135
500.8337 0.32122 8.36 -0.47 136
501.1673 0.29918 8.58 0.18 133
501.5010 0.28992 9.67 0.82 148
501.8347 0.30061 9.11 0.31 139
502.1683 0.29883 5.91 -1.04 127
502.5020 0.34100 9.43 -0.38 151
502.8357 0.36720 8.09 -1.60 156
503.1693 0.37112 9.20 -1.23 143
503.5030 0.39275 9.36 -1.73 155
503.8367 0.41541 7.49 -3.10 141
504.1703 0.41684 8.84 -2.60 153
504.5040 0.43413 9.84 -2.36 150
504.8377 0.44702 9.62 -2.75 146
505.1713 0.45871 8.43 -3.86 157
505.5050 0.41022 6.50 -4.28 136
505.8387 0.43085 10.48 -3.13 145
506.1723 0.44642 10.16 -3.53 155
506.5060 0.44463 9.78 -3.82 153
506.8397 0.40794 7.53 -4.83 133
507.1733 0.35451 5.14 -5.24 128
507.5070 0.40624 10.26 -4.03 147
507.8407 0.36527 7.09 -5.04 147
508.1743 0.35883 8.90 -3.73 148
508.5080 0.37781 7.85 -3.63 154
508.8417 0.35037 7.18 -3.73 146
509.1753 0.34845 7.64 -3.29 148
509.5090 0.33192 6.81 -3.50 143
509.8427 0.35314 6.64 -3.88 145
510.1763 0.35839 7.69 -3.28 153
510.5100 0.35973 7.55 -3.14 141
510.8437 0.36196 9.59 -1.32 155
511.1773 0.36326 9.48 -1.03 154
511.5110 0.36415 8.21 -1.50 157
511.8447 0.36911 6.97 -2.46 146
512.1783 0.36702 8.64 -1.54 154
512.5120 0.39830 8.00 -2.46 150
512.8457 0.40308 5.88 -3.61 149
513.1793 0.41849 7.79 -3.42 143
513.5130 0.40089 8.96 -2.96 152
513.8467 0.42527 7.67 -3.58 153
514.1803 0.43635 9.23 -2.52 163
514.5140 0.46780 8.78 -2.93 150
514.8477 0.46597 7.98 -3.17 151
515.1813 0.48231 6.34 -4.38 135
515.5150 0.42476 6.68 -3.75 152
515.8487 0.44389 8.75 -3.16 164
516.1823 0.37284 5.95 -3.21 146
516.5160 0.37941 8.53 -2.29 168
516.8497 0.38523 9.03 -1.89 154
517.1833 0.36665 9.55 -1.18 165
517.5170 0.34302 6.07 -2.13 147
517.8507 0.34927 8.94 -1.13 152
518.1843 0.35842 8.48 -1.63 166
518.5180 0.37403 8.05 -1.88 157
518.8517 0.39218 7.82 -2.52 156
519.1853 0.36970 6.99 -2.85 162
519.5190 0.37847 8.11 -2.89 151
519.8527 0.40871 8.21 -3.21 158
520.1863 0.40771 7.96 -3.06 165
520.5200 0.42948 8.28 -3.40 158
520.8537 0.41422 6.06 -4.01 145
521.1873 0.42779 6.47 -4.14 150
521.5210 0.44923 6.79 -4.44 149
521.8547 0.38388 8.86 -2.91 148
522.1883 0.41005 6.67 -3.98 143
522.5220 0.44088 7.69 -4.14 146
522.8557 0.45960 7.52 -4.25 156
523.1893 0.46565 8.47 -3.45 161
523.5230 0.47537 9.66 -2.41 162
523.8567 0.48863 7.91 -3.13 155
524.1903 0.45739 9.75 -1.30 151
524.5240 0.48049 9.68 -0.74 155
524.8577 0.47762 7.19 -1.96 145
525.1913 0.50340 7.32 -1.60 141
525.5250 0.47869 9.77 -0.61 152
525.8587 0.50553 8.43 -1.94 151
526.1923 0.51165 10.25 -1.53 151
526.5260 0.49423 9.40 -2.07 155
526.8597 0.44006 10.36 -0.80 152
527.1933 0.44610 7.50 -2.12 139
527.5270 0.46470 10.44 -1.43 168
527.8607 0.42897 7.71 -2.35 143
528.1943 0.45546 7.61 -2.41 134
528.5280 0.47471 11.08 -0.63 166
528.8617 0.46344 11.24 -0.66 149
529.1953 0.48798 9.61 -1.80 148
529.5290 0.51438 8.44 -3.10 161
529.8627 0.51092 8.48 -3.48 154
530.1963 0.51751 10.47 -2.60 138
530.5300 0.55132 9.80 -3.82 154
530.8637 0.52486 6.94 -4.91 156
531.1973 0.55005 7.55 -5.51 142
531.5310 0.56021 7.74 -5.90 134
531.8647 0.57379 11.72 -4.19 147
532.1983 0.55274 11.63 -4.41 163
532.5320 0.55034 9.09 -5.46 161
532.8657 0.52275 9.33 -5.38 152
533.1993 0.52355 12.53 -4.18 152
533.5330 0.53609 12.31 -4.98 159
533.8667 0.53885 8.77 -6.25 141
534.2003 0.56416 12.54 -4.97 156
534.5340 0.53848 11.13 -5.23 157
534.8677 0.43916 8.15 -4.81 155
535.2013 0.46791 11.06 -4.04 158
535.5350 0.43357 8.69 -4.82 144
535.8687 0.47671 11.32 -4.65 154
536.2023 0.48595 12.92 -3.58 155
536.5360 0.48303 12.73 -3.15 132
536.8697 0.52132 9.85 -5.56 154
537.2033 0.55264 11.56 -5.56 157
537.5370 0.52285 10.08 -6.03 157
537.8707 0.57534 11.07 -6.83 162
538.2043 0.55134 10.02 -6.89 144
538.5380 0.54798 9.81 -6.91 152
538.8717 0.56460 9.55 -7.64 146
539.2053 0.56548 9.55 -7.67 155
539.5390 0.62437 16.01 -4.79 137
539.8727 0.60633 10.37 -7.29 133
540.2063 0.62985 10.67 -7.11 150
540.5400 0.58894 10.55 -6.73 144
540.8737 0.59015 9.16 -7.48 144
541.2073 0.58183 10.04 -6.90 145
541.5410 0.55599 9.67 -7.00 152
541.8747 0.53364 9.85 -6.60 153
542.2083 0.53521 10.17 -6.51 161
542.5420 0.58280 12.60 -6.39 156
542.8757 0.58397 14.93 -5.63 144
543.2093 0.56807 10.82 -7.72 148
543.5430 0.55270 10.76 -7.59 146
543.8767 0.59200 16.19 -6.06 141
544.2103 0.55627 10.86 -7.93 148
544.5440 0.57862 10.90 -8.42 153
544.8777 0.61735 12.82 -8.43 157
545.2113 0.53864 10.90 -7.72 148
545.5450 0.56780 12.11 -8.01 152
545.8787 0.55779 10.83 -8.64 145
546.2123 0.58598 11.76 -7.84 151
546.5460 0.56790 10.85 -7.56 144
546.8797 0.55531 10.89 -7.65 134
547.2133 0.52293 8.81 -7.55 135
547.5470 0.50866 10.87 -5.67 144
547.8807 0.50428 15.63 -3.07 144
548.2143 0.48580 17.33 -1.55 142
548.5480 0.41085 11.15 -3.07 146
548.8817 0.42741 10.25 -3.86 141
549.2153 0.41768 9.95 -3.83 132
549.5490 0.41593 17.06 -0.53 140
549.8827 0.41288 14.86 -1.43 145
550.2163 0.35390 9.87 -1.84 147
550.5500 0.39335 13.44 -0.10 156
550.8837 0.38861 14.40 0.59 142
551.2173 0.30832 9.53 -0.50 149
551.5510 0.36335 13.69 0.65 147
551.8847 0.34343 10.61 -0.49 149
552.2183 0.35358 10.39 -0.96 143
552.5520 0.36593 11.14 -0.42 140
552.8857 0.32881 9.49 -0.44 144
553.2193 0.32967 9.99 -0.20 142
553.5530 0.32557 9.96 -0.28 140
553.8867 0.31928 11.53 0.65 153
554.2203 0.32413 14.74 1.78 145
554.5540 0.26277 8.65 -0.42 144
554.8877 0.29073 9.36 -0.73 143
555.2213 0.30494 9.74 -1.08 147
555.5550 0.27999 8.35 -1.72 129
555.8887 0.29293 10.01 -1.60 133
556.2223 0.25766 8.85 -1.77 133
556.5560 0.28901 14.54 -0.28 137
556.8897 0.24275 9.59 -1.45 148
557.2233 0.26551 16.92 1.31 128
557.5570 0.21801 10.83 -0.26 149
557.8907 0.21559 10.68 -0.36 141
558.2243 0.22939 17.47 2.27 133
558.5580 0.16366 8.00 -1.08 134
558.8917 0.17920 9.97 -0.54 149
559.2253 0.19257 10.55 -0.72 154
559.5590 0.21228 9.03 -1.91 131
559.8927 0.17842 9.98 -0.76 147
560.2263 0.19978 10.50 -0.82 150
560.5600 0.21237 10.87 -0.87 142
560.8937 0.23005 10.42 -0.97 141
561.2273 0.26639 15.38 1.20 143
561.5610 0.21980 10.88 0.05 154
561.8947 0.24094 10.96 -0.05 142
562.2283 0.24278 10.16 -0.54 146
562.5620 0.24507 9.57 -0.57 149
562.8957 0.24167 10.81 -0.19 155
563.2293 0.25478 10.91 -0.45 146
563.5630 0.30246 11.63 -1.19 153
563.8967 0.25892 10.35 -1.25 139
564.2303 0.30395 15.75 0.44 138
564.5640 0.27902 11.81 -0.76 145
564.8977 0.24847 10.07 -1.10 142
565.2313 0.27338 11.68 -1.14 142
565.5650 0.26422 10.65 -0.94 146
565.8987 0.31126 11.09 -1.87 143
566.2323 0.29422 13.16 -1.12 149
566.5660 0.27279 10.28 -2.13 152
566.8997 0.31934 10.97 -2.83 136
567.2333 0.30889 10.27 -3.14 141
567.5670 0.30627 10.47 -3.38 151
567.9007 0.30710 11.60 -3.45 149
568.2343 0.32038 12.24 -3.07 152
568.5680 0.28437 10.31 -3.73 135
568.9017 0.28947 10.04 -4.08 139
569.2353 0.23176 9.81 -3.39 136
569.5690 0.25651 11.60 -3.42 145
569.9027 0.23880 11.78 -2.87 150
570.2363 0.23976 12.04 -2.22 158
570.5700 0.21080 11.18 -1.36 145
570.9037 0.23686 12.19 -0.96 151
571.2373 0.20238 10.78 -0.65 142
571.5710 0.22115 11.27 -0.69 143
571.9047 0.21608 10.16 -1.26 135
572.2383 0.19484 10.13 -1.06 139
572.5720 0.18099 9.95 -0.97 135
572.9057 0.19202 10.98 -0.77 139
573.2393 0.21367 11.26 -1.20 148
573.5730 0.17346 9.75 -1.52 145
573.9067 0.19255 11.06 -1.25 155
574.2403 0.21924 12.77 -1.16 143
574.5740 0.18528 10.93 -1.52 139
574.9077 0.20918 11.82 -1.44 148
575.2413 0.20195 12.62 -1.25 150
575.5750 0.21053 11.91 -1.98 142
575.9087 0.17744 11.16 -1.56 154
576.2423 0.18200 10.41 -2.05 137
576.5760 0.21096 14.51 -0.45 146
576.9097 0.15266 11.15 -0.68 145
577.2433 0.15970 11.11 -0.88 141
577.5770 0.19080 12.96 -0.08 158
577.9107 0.17196 11.78 -0.46 151
578.2443 0.13886 10.85 -0.69 147
578.5780 0.14432 10.63 -1.11 140
578.9117 0.16441 11.79 -0.26 153
579.2453 0.20211 12.89 -0.45 138
579.5790 0.22976 18.94 1.31 128
579.9127 0.15680 10.28 -1.37 133
580.2463 0.14516 9.93 -1.50 137
580.5800 0.17394 11.47 -1.50 148
580.9137 0.16046 11.10 -1.47 142
581.2473 0.17628 11.13 -1.69 145
581.5810 0.18970 10.22 -2.32 127
581.9147 0.22819 12.30 -1.72 142
582.2483 0.26587 12.87 -2.04 154
582.5820 0.28478 13.47 -1.83 141
582.9157 0.26633 13.06 -2.09 153
583.2493 0.24187 11.75 -1.98 137
583.5830 0.26012 12.94 -1.79 138
583.9167 0.28018 12.73 -1.79 141
584.2503 0.27506 11.21 -2.47 149
584.5840 0.38876 18.63 -1.30 138
584.9177 0.29247 13.89 -2.08 142
585.2513 0.25890 12.20 -2.22 141
585.5850 0.27996 13.28 -2.54 141
585.9187 0.29577 15.14 -2.34 145
586.2523 0.35399 19.37 -1.47 120
586.5860 0.32303 19.97 -0.21 115
586.9197 0.23857 11.84 -2.37 144
587.2533 0.31731 14.21 -2.86 139
587.5870 0.30728 13.36 -3.33 141
587.9207 0.34868 10.79 -5.30 122
588.2543 0.34482 14.18 -3.95 149
588.5880 0.41435 17.43 -3.68 139
588.9217 0.32654 12.58 -4.82 127
589.2553 0.38259 15.40 -4.52 136
589.5890 0.33958 13.33 -4.84 130
589.9227 0.41581 16.36 -4.96 145
590.2563 0.33109 14.46 -3.98 141
590.5900 0.35951 13.11 -4.73 136
590.9237 0.42356 14.07 -5.16 126
591.2573 0.34148 12.74 -4.02 126
591.5910 0.43273 15.69 -3.97 127
591.9247 0.39721 14.62 -4.14 134
592.2583 0.47763 17.87 -4.26 120
592.5920 0.42051 15.91 -4.23 132
592.9257 0.44084 13.12 -5.96 130
593.2593 0.42303 13.96 -5.58 126
593.5930 0.40646 13.03 -6.01 131
593.9267 0.42255 14.19 -5.59 125
594.2603 0.44895 17.39 -4.67 131
594.5940 0.44587 16.38 -5.28 138
594.9277 0.46724 17.84 -5.44 131
595.2613 0.40418 16.48 -5.26 131
595.5950 0.37462 13.30 -5.64 143
595.9287 0.41800 13.84 -6.46 119
596.2623 0.43670 14.49 -6.68 135
596.5960 0.40079 13.25 -6.62 131
596.9297 0.48667 13.29 -8.21 122
597.2633 0.55187 19.49 -6.11 144
597.5970 0.44991 14.42 -7.15 127
597.9307 0.51852 16.76 -7.27 127
598.2643 0.61079 21.70 -7.17 127
598.5980 0.59412 20.88 -7.48 139
598.9317 0.49351 17.88 -7.62 142
599.2653 0.43950 17.16 -7.24 141
599.5990 0.41597 15.94 -6.94 140
599.9327 0.41105 13.99 -7.53 123
600.2663 0.36899 14.92 -6.56 132
600.6000 0.35094 15.45 -6.03 121
600.9337 0.41704 15.87 -7.10 133
601.2673 0.41292 17.11 -6.55 138
601.6010 0.39961 14.62 -7.42 120
601.9347 0.43183 18.29 -6.54 139
602.2683 0.43650 18.34 -6.57 145
602.6020 0.39401 16.32 -6.69 123
602.9357 0.41656 17.47 -6.88 138
603.2693 0.37765 14.55 -7.41 134
603.6030 0.45842 18.00 -7.49 147
603.9367 0.42405 17.31 -7.58 139
604.2703 0.41817 15.92 -8.21 143
604.6040 0.40525 14.20 -8.43 125
604.9377 0.46387 16.41 -8.45 130
605.2713 0.40096 14.55 -8.49 139
605.6050 0.43975 16.47 -8.00 137
605.9387 0.33425 14.53 -6.79 140
606.2723 0.35368 15.74 -6.82 138
606.6060 0.39567 17.43 -6.57 129
606.9397 0.40238 16.22 -7.25 142
607.2733 0.44891 17.87 -7.60 143
607.6070 0.40814 16.66 -7.47 116
607.9407 0.40815 16.71 -7.78 143
608.2743 0.41181 15.49 -8.27 140
608.6080 0.42344 14.29 -8.64 118
608.9417 0.43647 16.48 -8.11 135
609.2753 0.39922 14.12 -8.63 123
609.6090 0.48476 18.68 -8.36 150
609.9427 0.44298 14.33 -9.42 131
610.2763 0.45884 16.92 -8.38 137
610.6100 0.45329 16.64 -8.73 139
610.9437 0.43106 16.17 -8.81 135
611.2773 0.45920 16.99 -8.61 144
611.6110 0.45157 17.68 -8.52 137
611.9447 0.43640 17.61 -8.03 144
612.2783 0.45735 16.70 -8.41 127
612.6120 0.34495 15.18 -6.49 135
612.9457 0.38105 14.94 -6.71 126
613.2793 0.26919 14.85 -4.78 137
613.6130 0.31781 13.93 -5.99 126
613.9467 0.39798 18.10 -5.66 141
614.2803 0.33605 16.86 -4.81 142
614.6140 0.30219 16.27 -4.45 133
614.9477 0.31543 16.70 -4.57 132
615.2813 0.34242 13.78 -6.33 127
615.6150 0.29963 16.20 -4.79 134
615.9487 0.24507 14.81 -4.97 137
616.2823 0.23124 16.91 -4.21 140
616.6160 0.28904 13.27 -7.07 130
616.9497 0.21766 13.52 -6.03 127
617.2833 0.22922 14.90 -5.45 132
617.6170 0.21353 16.13 -4.56 141
617.9507 0.19955 12.85 -5.48 120
618.2843 0.20852 14.63 -4.73 125
618.6180 0.18754 14.96 -4.01 132
618.9517 0.28625 20.41 -3.19 134
619.2853 0.28688 13.90 -6.16 112
619.6190 0.16683 14.10 -4.23 126
619.9527 0.16823 15.06 -3.65 132
620.2863 0.18717 16.04 -3.49 139
620.6200 0.21439 16.09 -3.71 134
620.9537 0.18572 15.06 -3.92 138
621.2873 0.21652 16.11 -4.40 122
621.6210 0.20507 17.23 -3.35 128
621.9547 0.26233 18.25 -3.90 148
622.2883 0.28489 18.41 -4.33 139
622.6220 0.22785 16.86 -4.32 136
622.9557 0.22988 15.34 -5.11 128
623.2893 0.17028 13.44 -5.38 116
623.6230 0.22081 16.75 -4.19 133
623.9567 0.23665 17.99 -4.18 136
624.2903 0.17910 15.22 -3.99 138
624.6240 0.19426 15.84 -3.10 147
624.9577 0.22976 18.32 -1.95 129
625.2913 0.19928 15.16 -2.36 138
625.6250 0.21668 16.71 -1.87 143
625.9587 0.21009 17.20 -1.93 135
626.2923 0.19632 15.39 -2.25 140
626.6260 0.17934 14.95 -2.04 129
626.9597 0.28951 18.09 -2.11 138
627.2933 0.24319 14.88 -2.32 135
627.6270 0.20791 17.48 -0.55 137
627.9607 0.25654 16.86 -1.81 141
628.2943 0.28480 18.09 -1.96 147
628.6280 0.30897 18.54 -2.14 147
628.9617 0.21738 15.17 -1.95 124
629.2953 0.25634 16.04 -2.33 136
629.6290 0.28419 15.19 -3.28 129
629.9627 0.25586 17.88 -1.49 135
630.2963 0.29096 18.57 -1.83 133
630.6300 0.29366 17.98 -2.38 124
630.9637 0.26812 19.66 -0.93 108
631.2973 0.31497 20.08 -1.98 121
631.6310 0.24018 16.39 -2.29 130
631.9647 0.21808 15.16 -2.53 117
632.2983 0.26926 16.90 -2.82 131
632.6320 0.32857 17.79 -3.00 124
632.9657 0.33054 18.57 -2.91 125
633.2993 0.32015 17.53 -3.37 134
633.6330 0.32163 17.41 -3.36 123
633.9667 0.33862 15.22 -4.33 117
634.3003 0.31623 15.60 -4.18 119
634.6340 0.37482 17.56 -4.32 128
634.9677 0.38488 18.54 -3.92 135
635.3013 0.45027 21.74 -3.27 127
635.6350 0.37573 17.61 -4.08 124
635.9687 0.43106 19.19 -4.21 136
636.3023 0.43427 19.52 -4.19 122
636.6360 0.36377 18.30 -3.36 133
636.9697 0.44316 18.22 -4.39 120
637.3033 0.33920 19.06 -2.26 130
637.6370 0.40137 19.42 -3.30 115
637.9707 0.40036 18.82 -4.03 130
638.3043 0.41663 18.58 -4.36 131
638.6380 0.43093 17.71 -5.20 103
638.9717 0.44083 21.57 -3.79 133
639.3053 0.43743 22.32 -3.41 104
639.6390 0.48644 19.83 -5.86 117
639.9727 0.39103 17.57 -5.71 123
640.3063 0.45564 22.18 -4.66 105
640.6400 0.47649 18.77 -6.70 121
640.9737 0.46289 19.08 -6.69 132
641.3073 0.49420 18.45 -7.78 122
641.6410 0.60001 19.92 -9.20 117
641.9747 0.52919 18.08 -8.84 121
642.3083 0.49270 19.53 -7.93 127
642.6420 0.46709 16.03 -8.89 99
642.9757 0.54312 24.46 -7.02 115
643.3093 0.59480 24.12 -8.83 120
643.6430 0.51512 24.78 -7.36 111
643.9767 0.53007 20.21 -9.96 134
644.3103 0.55699 20.76 -10.04 123
644.6440 0.53733 21.90 -9.25 124
644.9777 0.59075 23.52 -9.54 110
645.3113 0.57543 19.34 -11.65 130
645.6450 0.62994 20.60 -12.38 119
645.9787 0.65578 18.99 -13.79 113
646.3123 0.68705 23.97 -12.26 123
